4
40
59 38 57 29 22
-32 14 -37 16 8
-26 -9 -36 -5 19
20 -51 28 -48 26
-59 8 -59 17 12
-27 -39 -28 -43 29
-31 -22 -24 -22 9
-12 -50 -4 -53 12
27 -38 26 -36 27
-35 37 -31 40 17
-23 -20 -31 -19 13
53 9 46 5 27
-59 -17 -54 -9 25
-45 35 -48 29 14
26 -34 16 -43 21
21 -3 19 -2 22
-4 -44 3 -53 27
26 0 17 7 23
31 -40 28 -44 26
3 11 10 4 14
0 1 -3 -2 11
11 0 10 4 15
52 -35 58 -32 15
16 41 17 37 26
-47 -35 -44 -35 23
-26 58 -17 51 21
49 25 53 24 10
7 -29 6 -33 20
56 4 53 11 24
-27 -23 -20 -28 29
-46 -41 -47 -49 13
9 -40 5 -44 24
-32 19 -34 12 14
-51 -41 -53 -33 22
56 2 54 6 15
28 58 27 63 21
-28 -17 -21 -19 9
-38 20 -43 20 21
51 -44 52 -46 10
39 38 34 30 13
40
44 32 43 40 15
51 56 48 62 17
-8 22 -14 30 11
-21 -40 -24 -44 18
-30 36 -35 33 17
-15 -43 -19 -52 13
-13 0 -8 0 12
1 53 9 51 20
19 23 28 27 24
9 59 8 57 17
25 -8 17 -7 16
-34 32 -27 36 14
-42 -22 -47 -26 21
-17 42 -10 45 12
-20 47 -24 47 17
18 53 24 44 29
-51 -38 -61 -43 23
18 8 27 11 24
-34 3 -41 3 19
22 59 28 64 16
3 8 0 11 27
51 -10 58 -7 11
1 7 5 7 20
57 53 60 58 18
8 -17 -1 -18 14
-56 -36 -60 -29 29
-16 -6 -21 -6 17
-45 56 -53 62 22
1 -58 6 -57 28
26 -11 17 -9 11
49 -36 54 -41 24
14 2 7 -7 28
-51 14 -51 4 11
21 32 26 38 13
-9 -24 -14 -23 19
39 0 42 3 20
16 8 13 6 22
31 56 37 49 18
-57 20 -62 16 27
47 -38 42 -47 15
40
49 -27 55 -33 24
-19 46 -29 36 16
25 -45 18 -51 19
21 -18 27 -23 22
38 59 45 57 12
-21 46 -31 45 15
42 -32 39 -33 6
54 -39 63 -37 27
-10 -14 -12 -10 20
25 32 28 26 21
10 -27 17 -35 12
-21 56 -26 61 14
-3 -1 4 8 16
-2 -8 -1 -18 12
-17 4 -23 -2 29
-10 -12 -5 -17 21
-9 1 -15 3 14
48 -29 49 -30 15
-57 35 -62 33 29
-58 -47 -54 -48 27
-24 -4 -18 3 28
16 -50 6 -49 18
32 -5 32 -12 20
-20 38 -26 36 12
-19 49 -24 52 28
14 -51 14 -61 20
-39 44 -43 35 13
-39 48 -47 45 10
14 45 14 40 27
44 2 53 8 22
57 28 51 31 25
-24 -39 -34 -31 23
2 8 8 -2 21
43 26 44 21 29
7 18 5 11 28
43 -49 42 -56 29
41 12 32 16 12
36 -50 45 -44 26
-53 -29 -60 -21 23
-57 -42 -57 -39 4
40
-29 28 -28 20 27
-16 30 -19 28 23
16 25 13 23 17
-22 35 -32 33 17
-10 -48 -13 -58 16
40 52 44 51 9
49 -20 52 -14 27
33 -22 37 -25 24
-31 6 -33 -4 23
41 32 40 34 8
51 -14 52 -19 25
59 -22 54 -24 21
-28 24 -27 21 17
-25 25 -34 29 19
50 33 43 27 21
-14 -57 -12 -50 15
-21 -55 -15 -52 10
-38 -3 -40 -9 26
-54 -47 -62 -45 25
-34 -21 -35 -22 25
31 35 27 36 29
-12 43 -3 40 18
-23 37 -25 40 28
17 -40 14 -34 8
15 -41 13 -48 15
-53 50 -59 46 23
-6 -12 2 -22 28
51 22 52 30 19
7 -21 4 -23 23
-19 -40 -14 -44 26
-23 -55 -24 -52 15
-14 -38 -15 -43 8
30 -39 29 -43 27
-17 -57 -23 -53 23
55 9 61 2 16
23 57 28 50 14
45 -44 35 -52 28
-1 22 -4 19 19
40 -58 39 -67 23
-42 46 -49 39 11
