7
25
-17 -45 -16 -47 5
-20 -43 -15 -44 9
55 -48 64 -54 19
25 -6 32 -7 14
-49 -38 -40 -31 13
40 23 49 16 19
48 26 55 20 16
52 3 44 -3 12
44 51 45 51 8
17 -56 19 -47 16
7 -47 4 -45 5
9 -39 3 -40 8
6 -39 13 -35 10
-29 -32 -33 -31 18
29 34 31 30 19
-22 -44 -25 -46 5
-48 -8 -53 -2 18
47 48 46 44 13
45 -43 48 -48 14
-45 -34 -40 -38 11
16 -37 14 -39 7
13 8 20 6 13
-9 22 -6 27 17
52 47 55 47 7
39 0 40 -2 13
25
12 -9 7 -1 12
57 -4 57 2 15
-13 -48 -10 -48 6
35 -28 29 -20 16
-1 18 7 14 16
25 -13 25 -13 6
36 -24 36 -21 10
-10 -28 -15 -31 17
13 34 20 26 18
27 28 31 36 18
34 4 30 7 16
-43 29 -44 24 9
-18 -38 -15 -39 5
-57 52 -65 51 15
-30 -4 -33 -1 7
17 28 14 31 14
22 30 24 37 16
58 12 58 8 11
-54 -51 -53 -53 5
35 -49 38 -50 6
-4 -38 -4 -42 14
23 34 15 28 14
-29 42 -27 35 18
58 18 58 14 11
55 -38 47 -42 12
25
9 -8 7 -12 16
-39 -33 -39 -42 14
-56 -18 -60 -18 10
4 -55 7 -48 9
22 -22 25 -24 8
-49 -6 -58 -14 19
-52 -33 -48 -29 19
52 49 61 46 14
-19 9 -18 11 15
-9 -45 -9 -45 15
45 5 51 1 16
29 27 19 18 16
56 38 46 35 14
22 16 23 21 9
0 13 -6 7 10
36 -42 29 -42 16
10 43 3 35 19
13 30 15 23 9
-4 -20 -9 -13 17
-2 -23 0 -23 5
23 50 23 58 9
2 -11 -1 -12 17
-25 1 -16 -2 11
38 29 29 28 17
-12 -30 -6 -40 14
25
-27 54 -28 61 16
40 -42 35 -47 18
-54 -31 -49 -26 12
7 10 6 3 13
-47 46 -49 53 11
51 32 58 36 12
41 -18 38 -28 12
6 -50 1 -60 14
-31 -60 -39 -60 19
1 -60 6 -70 15
-46 50 -43 48 8
-8 1 -3 9 16
-27 -54 -26 -52 17
-55 -38 -53 -33 18
-52 12 -57 14 11
5 -25 7 -26 11
50 58 53 61 7
-4 45 3 49 14
52 57 51 59 9
22 23 27 28 17
10 10 7 6 6
-48 58 -41 60 13
-27 5 -28 -4 15
-40 20 -36 21 14
42 32 43 30 17
25
-32 44 -36 46 15
8 3 3 7 15
59 40 62 35 13
55 30 55 27 7
38 -43 40 -40 8
59 20 59 17 19
-4 -20 -12 -21 11
18 -28 24 -34 18
20 -14 10 -19 13
20 -18 17 -20 8
-55 44 -55 48 9
-6 18 -8 19 16
-41 8 -40 13 13
-22 24 -29 21 13
-9 17 -8 8 11
52 -26 50 -17 14
49 40 52 34 14
58 18 48 9 18
47 -40 47 -36 18
-4 39 -1 34 9
-42 -43 -47 -35 11
37 -47 30 -49 17
-28 38 -19 44 13
59 -47 57 -43 10
47 7 42 9 17
25
48 -49 54 -58 15
-1 12 0 10 15
-49 -45 -45 -51 14
46 23 37 19 16
-36 1 -32 -6 10
-35 29 -34 26 12
9 40 3 37 17
2 -49 -6 -53 12
-26 10 -21 10 9
-4 -12 -4 -10 6
-12 59 -9 57 14
-58 -54 -58 -62 18
-20 -27 -12 -27 11
1 39 9 30 14
-30 -58 -32 -60 5
-41 -60 -39 -51 19
-7 54 0 63 18
58 -14 58 -22 16
38 20 29 24 18
30 26 26 28 19
20 51 18 48 8
-9 24 -9 16 15
-6 23 -4 31 16
-6 16 -1 17 11
44 -38 44 -43 12
25
-43 -18 -45 -28 14
51 -33 43 -43 16
-54 -18 -50 -23 19
3 35 1 28 11
5 0 8 -8 11
-27 -50 -18 -56 19
-49 40 -49 40 14
29 -34 26 -42 11
13 45 14 42 14
1 11 5 5 16
-54 -30 -51 -31 19
-26 -58 -35 -68 19
44 40 49 33 10
-47 12 -46 11 19
0 14 3 8 12
46 9 45 3 12
22 21 28 19 18
-11 -58 -20 -56 12
39 11 32 17 16
-49 -15 -48 -13 12
-5 8 -3 -1 14
-38 -12 -44 -7 16
32 -23 41 -21 17
43 39 34 41 11
-3 -31 -6 -39 13
