7
40
42 4 63 -17 64
1 43 5 46 59
-56 -35 -65 -20 67
-51 -47 -75 -32 62
24 37 39 38 65
52 14 76 7 67
-7 26 -12 21 65
4 33 -21 17 50
-44 52 -27 68 29
19 -38 36 -33 32
-1 1 -16 7 21
-4 -23 -5 -3 58
57 -54 54 -41 69
13 -2 -2 7 61
-5 -46 -13 -61 58
-14 28 7 18 31
50 50 33 68 39
21 22 12 25 24
-39 4 -41 0 36
-55 53 -79 69 41
39 -57 57 -52 62
-50 43 -69 19 55
-35 -59 -57 -56 52
-48 -52 -35 -28 65
49 -48 55 -51 49
14 5 22 -5 50
-25 50 -7 35 52
30 59 35 39 58
51 -58 63 -43 41
48 -20 43 -6 55
-57 -28 -51 -25 19
-25 16 -27 22 22
-33 36 -50 40 34
-27 38 -44 32 47
30 28 27 19 21
50 41 31 31 30
35 44 13 35 28
-52 -33 -49 -40 59
16 -37 0 -30 65
23 -5 34 3 63
40
-55 26 -68 10 32
28 -29 3 -9 69
43 0 36 6 30
-51 -20 -35 -24 49
-48 -52 -39 -62 27
56 -17 49 0 29
-20 -29 -40 -32 35
-12 -30 -12 -26 33
41 8 20 22 64
-53 49 -42 62 34
-12 -3 -20 -14 67
-47 -53 -29 -75 60
-16 19 -34 8 52
51 -36 35 -53 37
-31 24 -47 35 53
-23 47 -28 63 25
34 -8 45 -9 45
30 -47 36 -47 40
24 -13 11 -5 37
43 -50 54 -48 18
-6 -59 11 -53 29
-23 25 -11 27 65
28 -11 22 8 47
18 13 31 11 35
-10 34 -27 12 50
-17 46 -14 43 68
17 -46 24 -31 55
43 -3 65 5 58
-30 49 -12 39 53
-4 19 -10 20 64
55 20 41 30 33
12 -12 -10 7 69
9 22 9 29 53
50 23 58 22 25
-22 -27 -35 -51 39
-40 49 -26 40 24
-56 34 -38 52 62
37 -44 30 -56 64
57 -1 71 -7 52
-32 -16 -19 -31 60
40
-14 4 -9 12 52
11 22 33 18 25
-11 53 -18 40 52
13 7 28 -16 33
-46 46 -64 36 30
-18 19 -8 22 42
28 59 9 42 64
51 -49 51 -65 56
-37 -42 -57 -52 51
7 56 -6 71 54
-25 27 -22 21 21
-46 -54 -49 -72 28
7 -19 20 -1 26
33 -32 12 -25 59
-60 25 -78 9 54
-19 -52 -4 -73 62
28 35 29 15 46
38 47 35 30 33
14 -13 22 -10 21
-26 26 -37 4 41
-37 -35 -30 -37 59
19 18 31 39 54
31 52 41 37 25
-7 50 -6 66 22
-6 -38 14 -34 64
-46 -3 -48 3 31
56 5 44 12 34
53 54 47 77 50
-5 -55 7 -77 46
55 12 58 25 54
-42 45 -65 69 69
30 -57 50 -59 37
3 54 -20 60 44
15 48 25 33 33
43 -47 20 -36 48
-1 2 -7 21 63
0 32 -13 8 49
12 20 23 6 59
56 -55 60 -50 69
58 49 39 62 26
40
-52 -51 -55 -43 53
-50 -50 -60 -32 28
-56 -7 -80 -4 57
19 1 24 0 49
13 -6 16 -30 62
25 -56 33 -56 52
54 4 29 19 38
5 55 21 54 68
2 -42 9 -55 17
21 18 33 19 36
-20 -14 -31 -18 30
-15 -2 -29 14 55
54 -47 34 -27 39
56 -24 58 -14 14
-40 36 -33 47 47
-24 -2 -30 -7 12
1 21 -11 9 68
-10 46 3 49 57
-43 5 -56 20 35
-18 -60 -28 -56 46
43 -2 32 14 26
-42 -2 -43 8 53
48 56 49 51 9
5 -32 29 -42 52
-48 11 -40 22 52
-54 15 -44 17 59
29 14 21 4 61
-55 44 -46 28 25
23 -23 26 -15 52
42 -33 54 -15 65
-26 33 -34 23 52
-59 29 -40 20 23
-21 1 -17 9 24
-51 9 -69 17 39
50 6 35 8 46
26 9 22 -6 38
-38 43 -31 49 63
27 -36 14 -35 27
40 39 47 28 47
-21 29 -46 38 34
40
-47 41 -66 65 46
-12 45 -29 38 49
57 46 45 29 25
-11 -57 -17 -42 45
-10 -49 -24 -27 68
-31 57 -56 63 60
-22 -41 -23 -52 46
13 -48 1 -27 31
-47 -10 -49 -8 40
55 -43 53 -33 39
-21 -55 -30 -80 58
45 26 49 46 29
-20 -45 -42 -26 34
-27 -30 -29 -50 46
22 24 0 44 62
7 -44 12 -67 31
5 -55 15 -61 45
-54 -11 -75 5 51
41 51 43 74 52
48 59 61 51 34
-19 -7 -35 -2 22
-51 -9 -46 -28 36
26 -15 29 1 46
-38 -45 -32 -35 27
-53 10 -35 5 33
52 43 63 36 49
21 54 3 58 21
18 29 38 7 31
-28 -59 -5 -39 53
46 -41 27 -55 40
31 10 37 13 65
28 -28 15 -6 42
-10 -15 14 -26 49
14 -46 0 -39 21
-35 -26 -25 -27 12
35 29 42 10 42
-8 52 -7 71 25
-5 -11 18 -5 62
32 59 34 59 57
49 54 72 64 30
40
42 -27 29 -25 58
50 36 43 12 38
22 -33 5 -21 37
-18 -8 -4 -1 43
-11 -54 -20 -62 38
8 35 7 59 38
9 21 5 -1 37
-38 31 -41 9 55
-17 32 -20 42 40
-11 0 -26 -1 30
-55 -51 -33 -46 36
40 48 61 36 36
26 44 47 66 65
-56 56 -57 41 21
32 37 22 60 58
15 2 25 21 56
16 10 15 9 12
3 -52 -4 -47 30
-45 -2 -45 -1 50
45 14 28 27 57
42 -2 50 5 22
-18 -27 4 -29 35
-33 46 -13 32 62
7 -3 21 9 58
2 -8 -15 13 44
-5 -54 5 -78 44
7 16 16 39 35
43 32 53 7 50
34 19 38 22 30
37 0 47 2 23
0 21 -11 13 56
-34 -12 -33 -8 52
17 37 39 59 63
11 -35 22 -41 64
-54 -6 -37 -11 52
-3 -5 -16 9 46
-15 -17 -1 -7 33
7 -56 13 -55 27
-1 -36 -9 -33 31
58 23 52 36 41
40
7 32 -15 33 33
-17 24 -29 40 37
-39 -44 -44 -27 25
-53 48 -57 71 26
53 -3 43 4 38
10 55 14 64 53
51 9 50 12 43
-23 55 -25 52 44
-17 18 -26 31 51
-29 -24 -7 -27 56
57 -13 39 2 51
-43 -11 -51 -1 69
40 -20 38 -1 24
-32 -19 -52 1 60
45 1 56 2 48
44 -2 32 -13 59
-10 40 -15 21 36
46 -5 32 -19 41
40 -59 30 -74 26
21 -48 -2 -65 46
22 36 9 50 22
26 -24 40 -20 33
-37 4 -13 -2 37
40 -17 42 4 61
49 -3 25 -24 63
-11 -21 -12 -35 48
-37 21 -46 6 62
46 41 51 36 50
44 42 25 49 35
-23 39 -3 35 37
-12 -34 6 -23 38
18 13 33 28 59
17 7 22 -11 62
-56 -43 -41 -64 38
-58 27 -79 11 68
8 32 25 8 65
-6 15 -1 10 17
-58 11 -65 -7 67
24 -57 30 -51 31
-43 -60 -55 -60 62
