6
40
-34 -37 -32 -53 42
36 -1 30 8 14
-43 -24 -48 -13 34
-22 37 -12 55 43
2 14 9 9 19
17 -26 0 -34 48
-25 13 -8 13 49
-13 -20 -30 -14 26
52 10 47 11 11
-4 40 -20 47 26
12 35 14 35 9
7 0 -2 -1 46
-34 -44 -15 -62 49
-46 55 -55 72 24
-17 -54 -27 -67 33
-37 16 -33 15 41
42 -59 30 -66 16
-30 7 -36 2 18
42 27 33 11 42
-58 -55 -65 -68 20
-10 -41 -2 -35 18
42 -25 37 -42 31
7 -18 5 -16 39
-8 15 -27 24 29
28 57 17 37 48
47 23 30 13 44
26 15 32 13 14
-43 -6 -54 -20 24
-32 -24 -17 -10 49
-9 54 -8 36 22
-15 -3 -27 10 39
52 7 71 24 43
-43 33 -63 51 38
21 45 36 34 24
-27 0 -34 -12 34
25 22 27 24 13
-32 -16 -16 -26 30
55 36 66 27 43
48 -9 47 -3 26
-30 -57 -22 -68 25
40
47 41 38 60 28
18 20 29 13 35
27 -4 34 0 35
32 -17 32 -25 9
-52 11 -56 -3 24
54 -32 40 -23 21
14 -44 3 -52 28
33 -60 28 -68 41
33 53 32 33 45
-52 -53 -57 -41 15
27 20 23 8 28
3 46 1 63 19
28 21 41 23 29
40 -19 39 -25 23
24 -16 8 3 43
45 -51 35 -49 18
-55 28 -46 42 37
51 -34 61 -46 36
-4 -54 -8 -43 31
-40 28 -46 39 44
-19 36 -17 40 26
6 -1 1 5 28
-3 -28 -10 -16 24
-37 -5 -37 0 33
23 -3 5 16 28
-18 -47 -27 -51 39
38 -29 30 -49 40
52 -60 40 -52 45
-56 -7 -54 -4 19
30 25 40 25 27
52 20 48 2 39
55 54 57 56 24
-17 2 -35 2 46
-49 -41 -52 -29 44
41 -6 49 -10 29
-45 10 -53 13 24
-23 52 -42 44 28
19 -36 16 -35 38
-57 -45 -64 -38 40
-3 34 -5 29 19
40
-14 19 -29 -1 36
-45 15 -37 16 31
49 30 67 21 26
57 38 53 34 29
53 43 43 36 26
40 -16 43 0 24
51 24 44 27 33
-35 -46 -34 -45 32
-6 -11 12 -1 34
-12 -19 -20 -29 19
45 -36 48 -20 18
3 -54 7 -59 34
16 -15 11 -27 25
-37 -4 -32 2 9
40 57 41 59 41
-6 56 -13 36 43
6 -10 -11 1 45
-22 -41 -13 -51 27
39 1 51 6 23
-37 11 -37 5 25
18 -55 21 -71 36
12 -26 11 -42 35
21 -41 8 -28 44
8 -23 0 -30 32
17 -59 34 -76 30
-49 -26 -49 -16 48
26 -32 45 -14 28
-20 -18 -35 -22 47
25 7 12 22 23
15 -60 7 -46 22
-27 -26 -26 -29 25
-24 -49 -24 -31 24
-18 58 -21 57 23
-13 -27 -19 -36 15
-58 -31 -65 -50 29
29 25 26 30 17
-42 44 -56 36 49
23 27 5 26 47
42 -39 34 -29 28
-13 32 -1 34 38
40
-27 -39 -28 -45 42
-42 -52 -43 -67 20
-11 -2 -20 10 29
-41 9 -43 17 28
44 41 24 30 33
1 -12 8 -32 28
-25 -58 -15 -65 30
33 35 36 34 19
39 29 57 33 44
-31 -38 -29 -35 31
-28 -18 -12 -21 27
-31 20 -26 18 32
3 -50 11 -49 34
19 -55 30 -42 49
4 -8 -5 -1 15
-33 -49 -28 -36 31
37 29 35 37 48
-30 34 -34 20 36
-49 -45 -61 -35 20
52 36 41 46 24
-42 22 -23 15 49
2 -46 6 -54 40
-15 -26 -10 -27 37
53 -28 63 -15 24
40 3 58 -2 36
47 -33 66 -31 31
8 -18 25 -23 29
8 -58 6 -60 27
-40 -16 -42 -9 25
-56 17 -68 17 29
-46 -2 -55 -19 37
-40 25 -29 43 35
58 -27 46 -37 28
33 -51 48 -50 21
-27 24 -8 41 33
-24 -9 -6 3 36
-22 4 -37 15 41
-43 34 -57 51 25
-45 18 -59 20 32
1 50 -12 30 35
40
8 -54 6 -42 21
-45 21 -47 10 45
50 -14 47 -23 32
-41 15 -28 3 29
18 -56 5 -67 42
-27 -19 -15 -2 36
9 16 3 23 31
-32 14 -13 6 39
-48 -60 -29 -60 40
32 -39 39 -55 23
3 -41 19 -30 48
0 8 -2 20 40
20 5 13 11 35
45 5 39 -7 36
34 46 53 57 42
31 41 14 36 23
34 24 23 33 16
29 -42 38 -44 30
20 0 39 -6 29
41 -58 22 -77 35
4 -43 11 -37 11
-45 26 -63 24 37
35 23 48 15 36
-16 5 -6 4 26
44 -7 29 -25 39
41 59 25 70 32
15 -53 0 -42 46
17 -37 26 -39 27
-50 41 -56 42 11
-28 1 -22 8 38
27 6 33 -14 49
-55 12 -59 17 30
38 -46 46 -36 27
-39 29 -46 42 40
-12 -42 -4 -32 15
-44 45 -30 46 32
34 -18 22 -32 48
4 -33 -4 -50 46
45 -49 27 -54 31
-31 38 -39 49 42
40
-25 -36 -43 -36 48
-43 -38 -27 -27 39
-29 52 -16 67 48
-4 -3 4 -21 49
53 18 57 24 16
-3 -4 9 3 23
44 31 63 29 39
-45 -15 -38 -8 46
39 -16 43 1 21
-44 5 -43 -10 38
-26 53 -11 51 24
41 -40 52 -43 36
-57 -34 -62 -28 35
57 29 39 47 38
-4 -30 12 -23 35
-31 -19 -37 -22 44
-59 -41 -53 -32 49
-5 -10 -8 -21 34
-45 47 -35 66 33
-52 -17 -56 -1 39
-12 42 -9 58 27
-39 33 -51 51 48
-8 -6 -2 -10 12
41 42 44 54 16
-33 -14 -30 -12 48
-13 -43 -27 -24 49
-26 5 -27 19 23
11 33 30 25 37
27 -59 46 -60 28
-4 38 -2 24 45
11 32 6 34 35
7 12 -9 -3 24
-31 -9 -33 1 46
37 35 40 45 20
30 49 34 41 38
56 -40 66 -59 40
12 29 7 36 37
18 -21 22 -21 26
8 36 2 41 18
44 53 33 59 26
