6
40
-41 46 -37 51 13
-30 58 -38 49 30
-28 -41 -26 -37 36
46 -4 51 -15 31
-60 3 -47 0 18
19 28 32 20 17
2 -22 -4 -26 14
-10 -37 -9 -29 14
31 26 26 12 20
-11 28 -16 31 30
15 -39 14 -30 37
-35 26 -35 36 21
27 56 28 59 13
53 -49 46 -57 17
2 4 7 4 36
-28 -32 -37 -33 21
16 -35 8 -24 23
53 -60 43 -51 31
36 -52 31 -51 8
-23 50 -15 55 15
5 -23 4 -12 28
18 -2 22 -1 33
35 57 37 45 16
11 -1 -1 -1 26
11 -26 20 -28 14
45 5 52 -3 37
34 -24 28 -18 23
8 23 6 33 16
44 45 36 36 19
25 -29 34 -23 14
-1 -37 5 -42 31
-56 12 -64 19 30
32 -7 33 -21 23
-34 18 -46 15 15
36 30 29 32 38
-30 -16 -30 -23 17
44 -29 39 -35 29
11 -3 10 10 17
-14 -34 -15 -42 16
33 34 32 41 39
40
-42 -25 -40 -12 18
-4 35 1 39 15
48 47 61 45 37
20 -52 27 -57 30
2 40 -9 31 16
-15 -4 -13 -3 27
-56 -57 -66 -51 18
40 -6 36 -17 15
37 -49 42 -40 17
28 5 30 -5 35
28 43 33 37 26
13 -2 6 11 25
-23 -3 -20 -3 8
59 -17 60 -11 18
-38 -44 -29 -49 31
16 44 7 45 22
-54 -54 -55 -53 7
52 -12 38 -10 36
50 32 43 19 36
20 41 19 45 37
46 -2 46 4 12
-15 59 -24 46 30
-59 8 -50 5 31
29 23 30 12 14
-48 -54 -53 -53 29
-49 26 -51 11 37
57 -29 46 -38 33
-57 -20 -56 -15 34
27 -56 28 -62 14
41 -3 47 6 19
-50 -53 -47 -62 32
-12 59 -3 63 13
-56 49 -48 61 27
-11 32 -19 36 34
9 -36 12 -32 29
50 11 44 15 28
9 39 8 27 32
-50 -36 -62 -45 28
-29 47 -36 41 21
0 -12 -7 -4 33
40
45 36 39 50 22
-15 -11 -24 -22 23
-3 49 8 50 33
-56 -55 -48 -43 24
58 -7 55 4 37
-57 41 -45 34 38
-23 12 -18 6 34
-40 25 -34 36 17
-6 2 1 11 27
-28 -53 -28 -63 17
45 -42 39 -35 33
-26 -53 -29 -62 11
-20 -57 -12 -63 12
46 51 59 58 23
54 23 53 32 38
33 38 47 40 35
-18 -14 -23 -29 17
9 22 12 26 10
20 -19 15 -21 25
31 -59 31 -59 29
-55 -32 -49 -36 17
32 -59 18 -71 27
-50 28 -50 21 37
47 -19 50 -12 29
-9 10 -2 12 35
40 51 51 36 36
38 42 26 51 28
-18 -11 -33 -3 38
12 28 2 23 22
34 30 41 28 9
-1 30 -2 21 29
-26 -32 -35 -33 24
-58 46 -52 41 39
-40 -20 -43 -23 15
-41 -17 -34 -29 28
-34 -43 -34 -31 29
58 -45 56 -50 15
-9 50 -23 38 33
-43 44 -54 31 31
47 -5 36 -4 32
40
31 -2 32 -2 37
47 -32 52 -31 19
28 17 34 24 11
45 43 52 40 13
46 -39 56 -35 34
-32 -58 -29 -67 22
-8 47 -13 51 17
-22 -13 -31 -23 16
22 9 23 -1 17
-5 40 0 47 21
-22 10 -35 14 24
-60 -24 -70 -23 16
-8 -43 -20 -41 19
14 -32 24 -33 21
40 -38 37 -34 21
15 -4 12 -11 28
34 20 45 23 14
8 -2 6 8 36
-60 -59 -68 -47 20
13 -4 15 10 27
-33 52 -30 60 26
2 -58 -1 -47 20
58 -42 49 -35 24
-45 -16 -43 -19 31
0 -19 4 -23 36
2 55 9 51 30
51 -24 37 -33 19
23 -7 29 -14 11
-52 -55 -52 -50 25
29 -56 26 -69 17
-51 17 -62 11 25
-15 12 -16 23 38
-27 47 -31 55 29
51 -52 57 -48 13
-38 23 -35 30 11
-8 10 -17 13 20
20 -30 21 -36 29
43 -38 34 -47 17
-47 13 -46 11 21
19 29 20 15 20
40
11 -46 18 -58 38
-53 -54 -46 -57 33
-34 -46 -33 -35 16
-9 -19 -13 -18 24
-8 -51 -3 -61 29
54 29 40 27 29
54 -26 39 -33 28
-46 28 -60 39 35
-41 6 -47 10 16
9 -2 16 -3 20
-29 16 -36 22 27
-16 -2 -17 -8 17
-49 -4 -52 -13 21
-32 25 -29 24 31
-12 -48 -8 -45 17
1 -18 5 -10 39
-59 8 -57 21 30
12 -45 22 -37 17
24 -7 15 -21 37
53 -10 58 -5 24
-60 -20 -52 -15 35
-3 -21 3 -14 15
-8 21 1 15 33
44 34 45 31 28
10 35 -3 32 33
-13 51 -19 46 28
-14 15 -5 0 23
51 -54 55 -40 36
28 -23 29 -32 17
-37 41 -45 52 16
17 2 21 13 14
33 22 31 22 37
-49 -37 -52 -33 12
-18 38 -7 46 26
-14 30 -1 33 38
14 45 17 47 9
-54 -3 -52 2 22
-43 -1 -49 1 21
-28 48 -39 33 23
-45 51 -39 53 29
40
1 -45 15 -48 29
-8 7 -14 4 10
12 -53 2 -50 39
47 4 56 15 18
26 -14 40 -15 24
-12 38 -6 35 34
-60 58 -50 64 19
-10 30 -15 17 33
-10 2 -8 -3 35
-38 -22 -34 -19 17
-9 -17 -8 -7 16
6 -38 19 -29 28
35 23 29 13 25
-59 44 -54 35 37
-35 -41 -38 -34 38
23 7 23 13 26
-23 47 -21 45 9
2 -33 -5 -33 11
-29 8 -24 4 12
9 -3 9 -2 11
-30 -18 -22 -33 23
-33 52 -38 62 29
-24 -1 -36 -15 21
34 28 30 25 18
-46 58 -35 62 20
14 28 24 34 21
38 -9 48 5 20
-42 6 -36 14 22
-60 -14 -48 -4 34
-51 -42 -54 -53 22
22 9 16 11 12
41 56 40 47 38
-45 1 -60 12 25
51 -20 52 -14 18
16 9 16 15 39
16 -6 26 -5 14
6 40 1 33 14
-14 -22 -9 -11 30
-59 25 -46 33 38
-4 10 -19 6 27
