6
40
-1 26 -6 34 11
-5 -1 4 5 24
-43 40 -36 44 15
3 5 1 5 10
55 16 50 21 27
13 35 13 27 15
20 -5 23 2 26
14 -15 23 -18 21
37 7 36 10 20
-56 -25 -58 -23 24
-15 18 -20 19 10
25 -18 34 -9 29
-46 2 -47 -8 24
-18 -48 -28 -43 17
58 -59 67 -52 16
-57 -8 -60 -4 18
-60 5 -60 -5 22
41 -39 40 -43 6
-50 -28 -49 -34 15
-56 37 -63 38 19
43 1 37 -7 24
19 -6 10 -7 23
37 20 40 18 7
25 -48 25 -42 13
27 45 31 47 6
5 -9 -5 -2 17
-9 -33 -13 -28 20
53 6 49 15 28
36 -3 33 1 15
-60 -59 -57 -60 7
-12 -60 -8 -59 23
-31 -7 -39 -13 13
-19 -14 -14 -7 15
56 -21 61 -16 29
12 -23 8 -31 11
39 -36 35 -32 18
59 6 51 8 23
2 -47 8 -48 22
-55 23 -54 32 25
-14 11 -5 5 21
40
-12 55 -9 45 18
-13 -50 -13 -59 23
51 35 45 26 18
-12 -24 -11 -16 26
-19 6 -25 10 15
-21 -36 -16 -28 22
35 -42 36 -36 29
36 -34 26 -28 24
2 -33 2 -33 8
25 -58 26 -58 13
49 56 51 57 9
8 33 5 33 12
-11 -36 -9 -45 22
-41 -2 -39 1 27
-2 -51 -6 -56 12
-48 -52 -49 -61 13
-27 -24 -35 -23 21
-40 6 -48 10 28
-48 -1 -39 -11 28
55 -45 45 -44 20
-54 -5 -54 -8 24
2 10 11 19 15
44 -5 46 -11 17
24 -2 32 -1 22
14 -20 17 -29 25
59 53 66 49 13
0 30 2 25 27
11 -1 16 -5 23
-56 26 -52 30 13
24 8 18 0 14
-42 -6 -51 -4 29
-7 2 -15 9 18
49 -57 50 -54 12
-9 38 -5 36 14
6 -12 8 -7 23
31 20 35 19 24
39 41 45 33 19
38 -34 43 -29 18
-21 18 -12 27 14
6 -45 9 -41 17
40
25 37 17 33 16
46 -31 50 -37 29
-28 -56 -25 -64 23
-22 3 -23 5 4
2 32 -5 35 26
-18 -16 -15 -9 21
-6 52 -6 54 15
-16 -56 -14 -50 24
40 8 43 -1 22
36 -35 30 -28 11
1 -15 -7 -21 24
-52 -5 -59 4 23
35 27 34 22 27
-41 -11 -38 -15 18
53 -36 49 -37 28
3 -11 6 -4 9
-30 54 -38 63 18
17 24 11 20 20
-8 -52 -11 -44 12
19 -41 22 -42 16
57 -59 57 -53 23
45 -1 53 -9 13
-45 -40 -40 -46 18
-36 -7 -28 -15 17
-31 -57 -25 -51 22
-39 -47 -39 -51 17
16 19 17 28 14
-47 -29 -44 -21 17
10 34 13 43 24
-3 8 -4 5 15
-10 40 -12 40 29
28 52 36 57 15
-21 -1 -24 -10 13
-38 -32 -35 -38 11
-50 -3 -53 -1 23
37 -15 30 -12 23
51 11 55 8 22
-32 -38 -36 -30 27
-19 39 -21 36 13
-18 47 -14 45 20
40
2 50 -3 40 19
-15 17 -25 21 19
31 -21 39 -31 24
39 55 29 51 23
59 52 59 54 7
11 -41 5 -44 20
36 -43 37 -40 27
4 5 11 -4 23
35 -18 30 -24 20
30 5 22 2 13
-24 -18 -28 -23 13
47 23 49 20 21
-32 -20 -31 -15 20
20 4 27 13 21
-21 -8 -29 1 25
39 -15 35 -18 20
14 47 19 52 27
-47 1 -56 0 21
-34 4 -38 9 19
-48 -54 -40 -52 25
-46 -23 -44 -22 13
-19 40 -14 41 9
37 14 46 7 14
-9 30 -18 30 12
-4 -24 -3 -22 6
-16 10 -17 14 13
45 -44 52 -47 19
8 -53 17 -48 25
14 16 18 8 18
-26 46 -28 47 17
-22 49 -29 45 29
10 -24 17 -15 26
55 42 59 39 15
-42 -1 -38 6 10
46 35 50 35 17
-22 10 -23 19 20
4 53 9 50 12
-53 -54 -54 -55 3
5 59 10 66 15
-4 -33 2 -34 26
40
-10 19 -12 21 25
29 19 32 25 25
-22 -15 -20 -19 21
10 -1 16 1 10
54 -16 50 -16 22
58 -14 57 -15 29
-4 1 -10 7 18
14 24 17 28 11
53 35 48 36 28
-48 56 -45 60 24
-12 2 -13 2 9
-1 47 -6 45 22
8 -44 7 -47 20
-16 43 -25 51 21
42 51 42 47 29
-17 -7 -18 1 29
-1 -11 -9 -18 17
10 31 3 23 29
-44 58 -35 57 14
36 38 31 45 27
-1 57 -11 58 29
56 21 60 21 8
8 -18 12 -22 7
-25 -45 -20 -48 18
-25 -47 -21 -46 21
-1 -39 6 -44 18
-39 -4 -30 2 21
-31 3 -29 9 18
50 57 53 48 21
53 31 52 23 17
-12 -4 -5 -9 27
-6 38 -11 28 25
-2 13 -1 12 20
38 -42 29 -33 16
4 5 1 3 7
14 -32 13 -32 24
50 33 56 42 14
-12 11 -7 9 8
59 41 50 37 29
0 -47 -6 -45 15
40
47 35 39 30 23
21 8 27 12 9
1 -55 -8 -58 21
-37 4 -35 13 25
47 -22 50 -18 11
-47 -36 -39 -36 19
20 57 10 64 22
8 7 3 14 13
54 -50 57 -57 27
19 22 14 12 14
7 39 2 30 24
41 53 50 46 29
28 -21 35 -21 10
-15 -8 -15 -2 19
-58 23 -67 20 15
-44 31 -45 26 22
32 55 34 57 27
-38 16 -39 17 27
16 18 13 18 14
-57 -7 -66 -14 28
-11 41 -15 31 14
-10 -36 -9 -28 18
-44 -54 -51 -57 14
40 -7 34 -4 8
-54 8 -45 15 16
-32 -16 -32 -11 19
57 0 59 9 13
25 47 34 46 27
21 5 23 8 22
-27 22 -25 27 12
-36 -57 -41 -64 16
-18 -20 -22 -12 11
-54 -56 -50 -65 29
43 -10 51 -3 22
-39 58 -39 54 10
55 44 46 34 16
9 52 3 55 13
-47 -41 -39 -43 19
-42 15 -48 24 22
-8 33 -16 23 26
