111
6106 6219 6332 6445 6558 6671 6784 6897 7010 7123 7236 7349 7462 7575 7688 7801 7914 8027 8140 8253 8366 8479 8592 8705 8818 8931 9044 9157 9270 9383 9496 9609 9722 9835 9948 10061 10174 10287 10400 10513 10626 10739 10852 10965 11078 11191 11304 11417 11530 11643 11756 11869 11982 12095 12208 12321 2 115 228 341 454 567 680 793 906 1019 1132 1245 1358 1471 1584 1697 1810 1923 2036 2149 2262 2375 2488 2601 2714 2827 2940 3053 3166 3279 3392 3505 3618 3731 3844 3957 4070 4183 4296 4409 4522 4635 4748 4861 4974 5087 5200 5313 5426 5539 5652 5765 5878 5991 6104
6105 6107 6220 6333 6446 6559 6672 6785 6898 7011 7124 7237 7350 7463 7576 7689 7802 7915 8028 8141 8254 8367 8480 8593 8706 8819 8932 9045 9158 9271 9384 9497 9610 9723 9836 9949 10062 10175 10288 10401 10514 10627 10740 10853 10966 11079 11192 11305 11418 11531 11644 11757 11870 11983 12096 12209 12211 3 116 229 342 455 568 681 794 907 1020 1133 1246 1359 1472 1585 1698 1811 1924 2037 2150 2263 2376 2489 2602 2715 2828 2941 3054 3167 3280 3393 3506 3619 3732 3845 3958 4071 4184 4297 4410 4523 4636 4749 4862 4975 5088 5201 5314 5427 5540 5653 5766 5879 5992
5993 5995 6108 6221 6334 6447 6560 6673 6786 6899 7012 7125 7238 7351 7464 7577 7690 7803 7916 8029 8142 8255 8368 8481 8594 8707 8820 8933 9046 9159 9272 9385 9498 9611 9724 9837 9950 10063 10176 10289 10402 10515 10628 10741 10854 10967 11080 11193 11306 11419 11532 11645 11758 11871 11984 12097 12210 12212 4 117 230 343 456 569 682 795 908 1021 1134 1247 1360 1473 1586 1699 1812 1925 2038 2151 2264 2377 2490 2603 2716 2829 2942 3055 3168 3281 3394 3507 3620 3733 3846 3959 4072 4185 4298 4411 4524 4637 4750 4863 4976 5089 5202 5315 5428 5541 5654 5767 5880
5881 5994 5996 6109 6222 6335 6448 6561 6674 6787 6900 7013 7126 7239 7352 7465 7578 7691 7804 7917 8030 8143 8256 8369 8482 8595 8708 8821 8934 9047 9160 9273 9386 9499 9612 9725 9838 9951 10064 10177 10290 10403 10516 10629 10742 10855 10968 11081 11194 11307 11420 11533 11646 11759 11872 11985 12098 12100 12213 5 118 231 344 457 570 683 796 909 1022 1135 1248 1361 1474 1587 1700 1813 1926 2039 2152 2265 2378 2491 2604 2717 2830 2943 3056 3169 3282 3395 3508 3621 3734 3847 3960 4073 4186 4299 4412 4525 4638 4751 4864 4977 5090 5203 5316 5429 5542 5655 5768
5769 5882 5884 5997 6110 6223 6336 6449 6562 6675 6788 6901 7014 7127 7240 7353 7466 7579 7692 7805 7918 8031 8144 8257 8370 8483 8596 8709 8822 8935 9048 9161 9274 9387 9500 9613 9726 9839 9952 10065 10178 10291 10404 10517 10630 10743 10856 10969 11082 11195 11308 11421 11534 11647 11760 11873 11986 12099 12101 12214 6 119 232 345 458 571 684 797 910 1023 1136 1249 1362 1475 1588 1701 1814 1927 2040 2153 2266 2379 2492 2605 2718 2831 2944 3057 3170 3283 3396 3509 3622 3735 3848 3961 4074 4187 4300 4413 4526 4639 4752 4865 4978 5091 5204 5317 5430 5543 5656
5657 5770 5883 5885 5998 6111 6224 6337 6450 6563 6676 6789 6902 7015 7128 7241 7354 7467 7580 7693 7806 7919 8032 8145 8258 8371 8484 8597 8710 8823 8936 9049 9162 9275 9388 9501 9614 9727 9840 9953 10066 10179 10292 10405 10518 10631 10744 10857 10970 11083 11196 11309 11422 11535 11648 11761 11874 11987 11989 12102 12215 7 120 233 346 459 572 685 798 911 1024 1137 1250 1363 1476 1589 1702 1815 1928 2041 2154 2267 2380 2493 2606 2719 2832 2945 3058 3171 3284 3397 3510 3623 3736 3849 3962 4075 4188 4301 4414 4527 4640 4753 4866 4979 5092 5205 5318 5431 5544
5545 5658 5771 5773 5886 5999 6112 6225 6338 6451 6564 6677 6790 6903 7016 7129 7242 7355 7468 7581 7694 7807 7920 8033 8146 8259 8372 8485 8598 8711 8824 8937 9050 9163 9276 9389 9502 9615 9728 9841 9954 10067 10180 10293 10406 10519 10632 10745 10858 10971 11084 11197 11310 11423 11536 11649 11762 11875 11988 11990 12103 12216 8 121 234 347 460 573 686 799 912 1025 1138 1251 1364 1477 1590 1703 1816 1929 2042 2155 2268 2381 2494 2607 2720 2833 2946 3059 3172 3285 3398 3511 3624 3737 3850 3963 4076 4189 4302 4415 4528 4641 4754 4867 4980 5093 5206 5319 5432
5433 5546 5659 5772 5774 5887 6000 6113 6226 6339 6452 6565 6678 6791 6904 7017 7130 7243 7356 7469 7582 7695 7808 7921 8034 8147 8260 8373 8486 8599 8712 8825 8938 9051 9164 9277 9390 9503 9616 9729 9842 9955 10068 10181 10294 10407 10520 10633 10746 10859 10972 11085 11198 11311 11424 11537 11650 11763 11876 11878 11991 12104 12217 9 122 235 348 461 574 687 800 913 1026 1139 1252 1365 1478 1591 1704 1817 1930 2043 2156 2269 2382 2495 2608 2721 2834 2947 3060 3173 3286 3399 3512 3625 3738 3851 3964 4077 4190 4303 4416 4529 4642 4755 4868 4981 5094 5207 5320
5321 5434 5547 5660 5662 5775 5888 6001 6114 6227 6340 6453 6566 6679 6792 6905 7018 7131 7244 7357 7470 7583 7696 7809 7922 8035 8148 8261 8374 8487 8600 8713 8826 8939 9052 9165 9278 9391 9504 9617 9730 9843 9956 10069 10182 10295 10408 10521 10634 10747 10860 10973 11086 11199 11312 11425 11538 11651 11764 11877 11879 11992 12105 12218 10 123 236 349 462 575 688 801 914 1027 1140 1253 1366 1479 1592 1705 1818 1931 2044 2157 2270 2383 2496 2609 2722 2835 2948 3061 3174 3287 3400 3513 3626 3739 3852 3965 4078 4191 4304 4417 4530 4643 4756 4869 4982 5095 5208
5209 5322 5435 5548 5661 5663 5776 5889 6002 6115 6228 6341 6454 6567 6680 6793 6906 7019 7132 7245 7358 7471 7584 7697 7810 7923 8036 8149 8262 8375 8488 8601 8714 8827 8940 9053 9166 9279 9392 9505 9618 9731 9844 9957 10070 10183 10296 10409 10522 10635 10748 10861 10974 11087 11200 11313 11426 11539 11652 11765 11767 11880 11993 12106 12219 11 124 237 350 463 576 689 802 915 1028 1141 1254 1367 1480 1593 1706 1819 1932 2045 2158 2271 2384 2497 2610 2723 2836 2949 3062 3175 3288 3401 3514 3627 3740 3853 3966 4079 4192 4305 4418 4531 4644 4757 4870 4983 5096
5097 5210 5323 5436 5549 5551 5664 5777 5890 6003 6116 6229 6342 6455 6568 6681 6794 6907 7020 7133 7246 7359 7472 7585 7698 7811 7924 8037 8150 8263 8376 8489 8602 8715 8828 8941 9054 9167 9280 9393 9506 9619 9732 9845 9958 10071 10184 10297 10410 10523 10636 10749 10862 10975 11088 11201 11314 11427 11540 11653 11766 11768 11881 11994 12107 12220 12 125 238 351 464 577 690 803 916 1029 1142 1255 1368 1481 1594 1707 1820 1933 2046 2159 2272 2385 2498 2611 2724 2837 2950 3063 3176 3289 3402 3515 3628 3741 3854 3967 4080 4193 4306 4419 4532 4645 4758 4871 4984
4985 5098 5211 5324 5437 5550 5552 5665 5778 5891 6004 6117 6230 6343 6456 6569 6682 6795 6908 7021 7134 7247 7360 7473 7586 7699 7812 7925 8038 8151 8264 8377 8490 8603 8716 8829 8942 9055 9168 9281 9394 9507 9620 9733 9846 9959 10072 10185 10298 10411 10524 10637 10750 10863 10976 11089 11202 11315 11428 11541 11654 11656 11769 11882 11995 12108 12221 13 126 239 352 465 578 691 804 917 1030 1143 1256 1369 1482 1595 1708 1821 1934 2047 2160 2273 2386 2499 2612 2725 2838 2951 3064 3177 3290 3403 3516 3629 3742 3855 3968 4081 4194 4307 4420 4533 4646 4759 4872
4873 4986 5099 5212 5325 5438 5440 5553 5666 5779 5892 6005 6118 6231 6344 6457 6570 6683 6796 6909 7022 7135 7248 7361 7474 7587 7700 7813 7926 8039 8152 8265 8378 8491 8604 8717 8830 8943 9056 9169 9282 9395 9508 9621 9734 9847 9960 10073 10186 10299 10412 10525 10638 10751 10864 10977 11090 11203 11316 11429 11542 11655 11657 11770 11883 11996 12109 12222 14 127 240 353 466 579 692 805 918 1031 1144 1257 1370 1483 1596 1709 1822 1935 2048 2161 2274 2387 2500 2613 2726 2839 2952 3065 3178 3291 3404 3517 3630 3743 3856 3969 4082 4195 4308 4421 4534 4647 4760
4761 4874 4987 5100 5213 5326 5439 5441 5554 5667 5780 5893 6006 6119 6232 6345 6458 6571 6684 6797 6910 7023 7136 7249 7362 7475 7588 7701 7814 7927 8040 8153 8266 8379 8492 8605 8718 8831 8944 9057 9170 9283 9396 9509 9622 9735 9848 9961 10074 10187 10300 10413 10526 10639 10752 10865 10978 11091 11204 11317 11430 11543 11545 11658 11771 11884 11997 12110 12223 15 128 241 354 467 580 693 806 919 1032 1145 1258 1371 1484 1597 1710 1823 1936 2049 2162 2275 2388 2501 2614 2727 2840 2953 3066 3179 3292 3405 3518 3631 3744 3857 3970 4083 4196 4309 4422 4535 4648
4649 4762 4875 4988 5101 5214 5327 5329 5442 5555 5668 5781 5894 6007 6120 6233 6346 6459 6572 6685 6798 6911 7024 7137 7250 7363 7476 7589 7702 7815 7928 8041 8154 8267 8380 8493 8606 8719 8832 8945 9058 9171 9284 9397 9510 9623 9736 9849 9962 10075 10188 10301 10414 10527 10640 10753 10866 10979 11092 11205 11318 11431 11544 11546 11659 11772 11885 11998 12111 12224 16 129 242 355 468 581 694 807 920 1033 1146 1259 1372 1485 1598 1711 1824 1937 2050 2163 2276 2389 2502 2615 2728 2841 2954 3067 3180 3293 3406 3519 3632 3745 3858 3971 4084 4197 4310 4423 4536
4537 4650 4763 4876 4989 5102 5215 5328 5330 5443 5556 5669 5782 5895 6008 6121 6234 6347 6460 6573 6686 6799 6912 7025 7138 7251 7364 7477 7590 7703 7816 7929 8042 8155 8268 8381 8494 8607 8720 8833 8946 9059 9172 9285 9398 9511 9624 9737 9850 9963 10076 10189 10302 10415 10528 10641 10754 10867 10980 11093 11206 11319 11432 11434 11547 11660 11773 11886 11999 12112 12225 17 130 243 356 469 582 695 808 921 1034 1147 1260 1373 1486 1599 1712 1825 1938 2051 2164 2277 2390 2503 2616 2729 2842 2955 3068 3181 3294 3407 3520 3633 3746 3859 3972 4085 4198 4311 4424
4425 4538 4651 4764 4877 4990 5103 5216 5218 5331 5444 5557 5670 5783 5896 6009 6122 6235 6348 6461 6574 6687 6800 6913 7026 7139 7252 7365 7478 7591 7704 7817 7930 8043 8156 8269 8382 8495 8608 8721 8834 8947 9060 9173 9286 9399 9512 9625 9738 9851 9964 10077 10190 10303 10416 10529 10642 10755 10868 10981 11094 11207 11320 11433 11435 11548 11661 11774 11887 12000 12113 12226 18 131 244 357 470 583 696 809 922 1035 1148 1261 1374 1487 1600 1713 1826 1939 2052 2165 2278 2391 2504 2617 2730 2843 2956 3069 3182 3295 3408 3521 3634 3747 3860 3973 4086 4199 4312
4313 4426 4539 4652 4765 4878 4991 5104 5217 5219 5332 5445 5558 5671 5784 5897 6010 6123 6236 6349 6462 6575 6688 6801 6914 7027 7140 7253 7366 7479 7592 7705 7818 7931 8044 8157 8270 8383 8496 8609 8722 8835 8948 9061 9174 9287 9400 9513 9626 9739 9852 9965 10078 10191 10304 10417 10530 10643 10756 10869 10982 11095 11208 11321 11323 11436 11549 11662 11775 11888 12001 12114 12227 19 132 245 358 471 584 697 810 923 1036 1149 1262 1375 1488 1601 1714 1827 1940 2053 2166 2279 2392 2505 2618 2731 2844 2957 3070 3183 3296 3409 3522 3635 3748 3861 3974 4087 4200
4201 4314 4427 4540 4653 4766 4879 4992 5105 5107 5220 5333 5446 5559 5672 5785 5898 6011 6124 6237 6350 6463 6576 6689 6802 6915 7028 7141 7254 7367 7480 7593 7706 7819 7932 8045 8158 8271 8384 8497 8610 8723 8836 8949 9062 9175 9288 9401 9514 9627 9740 9853 9966 10079 10192 10305 10418 10531 10644 10757 10870 10983 11096 11209 11322 11324 11437 11550 11663 11776 11889 12002 12115 12228 20 133 246 359 472 585 698 811 924 1037 1150 1263 1376 1489 1602 1715 1828 1941 2054 2167 2280 2393 2506 2619 2732 2845 2958 3071 3184 3297 3410 3523 3636 3749 3862 3975 4088
4089 4202 4315 4428 4541 4654 4767 4880 4993 5106 5108 5221 5334 5447 5560 5673 5786 5899 6012 6125 6238 6351 6464 6577 6690 6803 6916 7029 7142 7255 7368 7481 7594 7707 7820 7933 8046 8159 8272 8385 8498 8611 8724 8837 8950 9063 9176 9289 9402 9515 9628 9741 9854 9967 10080 10193 10306 10419 10532 10645 10758 10871 10984 11097 11210 11212 11325 11438 11551 11664 11777 11890 12003 12116 12229 21 134 247 360 473 586 699 812 925 1038 1151 1264 1377 1490 1603 1716 1829 1942 2055 2168 2281 2394 2507 2620 2733 2846 2959 3072 3185 3298 3411 3524 3637 3750 3863 3976
3977 4090 4203 4316 4429 4542 4655 4768 4881 4994 4996 5109 5222 5335 5448 5561 5674 5787 5900 6013 6126 6239 6352 6465 6578 6691 6804 6917 7030 7143 7256 7369 7482 7595 7708 7821 7934 8047 8160 8273 8386 8499 8612 8725 8838 8951 9064 9177 9290 9403 9516 9629 9742 9855 9968 10081 10194 10307 10420 10533 10646 10759 10872 10985 11098 11211 11213 11326 11439 11552 11665 11778 11891 12004 12117 12230 22 135 248 361 474 587 700 813 926 1039 1152 1265 1378 1491 1604 1717 1830 1943 2056 2169 2282 2395 2508 2621 2734 2847 2960 3073 3186 3299 3412 3525 3638 3751 3864
3865 3978 4091 4204 4317 4430 4543 4656 4769 4882 4995 4997 5110 5223 5336 5449 5562 5675 5788 5901 6014 6127 6240 6353 6466 6579 6692 6805 6918 7031 7144 7257 7370 7483 7596 7709 7822 7935 8048 8161 8274 8387 8500 8613 8726 8839 8952 9065 9178 9291 9404 9517 9630 9743 9856 9969 10082 10195 10308 10421 10534 10647 10760 10873 10986 11099 11101 11214 11327 11440 11553 11666 11779 11892 12005 12118 12231 23 136 249 362 475 588 701 814 927 1040 1153 1266 1379 1492 1605 1718 1831 1944 2057 2170 2283 2396 2509 2622 2735 2848 2961 3074 3187 3300 3413 3526 3639 3752
3753 3866 3979 4092 4205 4318 4431 4544 4657 4770 4883 4885 4998 5111 5224 5337 5450 5563 5676 5789 5902 6015 6128 6241 6354 6467 6580 6693 6806 6919 7032 7145 7258 7371 7484 7597 7710 7823 7936 8049 8162 8275 8388 8501 8614 8727 8840 8953 9066 9179 9292 9405 9518 9631 9744 9857 9970 10083 10196 10309 10422 10535 10648 10761 10874 10987 11100 11102 11215 11328 11441 11554 11667 11780 11893 12006 12119 12232 24 137 250 363 476 589 702 815 928 1041 1154 1267 1380 1493 1606 1719 1832 1945 2058 2171 2284 2397 2510 2623 2736 2849 2962 3075 3188 3301 3414 3527 3640
3641 3754 3867 3980 4093 4206 4319 4432 4545 4658 4771 4884 4886 4999 5112 5225 5338 5451 5564 5677 5790 5903 6016 6129 6242 6355 6468 6581 6694 6807 6920 7033 7146 7259 7372 7485 7598 7711 7824 7937 8050 8163 8276 8389 8502 8615 8728 8841 8954 9067 9180 9293 9406 9519 9632 9745 9858 9971 10084 10197 10310 10423 10536 10649 10762 10875 10988 10990 11103 11216 11329 11442 11555 11668 11781 11894 12007 12120 12233 25 138 251 364 477 590 703 816 929 1042 1155 1268 1381 1494 1607 1720 1833 1946 2059 2172 2285 2398 2511 2624 2737 2850 2963 3076 3189 3302 3415 3528
3529 3642 3755 3868 3981 4094 4207 4320 4433 4546 4659 4772 4774 4887 5000 5113 5226 5339 5452 5565 5678 5791 5904 6017 6130 6243 6356 6469 6582 6695 6808 6921 7034 7147 7260 7373 7486 7599 7712 7825 7938 8051 8164 8277 8390 8503 8616 8729 8842 8955 9068 9181 9294 9407 9520 9633 9746 9859 9972 10085 10198 10311 10424 10537 10650 10763 10876 10989 10991 11104 11217 11330 11443 11556 11669 11782 11895 12008 12121 12234 26 139 252 365 478 591 704 817 930 1043 1156 1269 1382 1495 1608 1721 1834 1947 2060 2173 2286 2399 2512 2625 2738 2851 2964 3077 3190 3303 3416
3417 3530 3643 3756 3869 3982 4095 4208 4321 4434 4547 4660 4773 4775 4888 5001 5114 5227 5340 5453 5566 5679 5792 5905 6018 6131 6244 6357 6470 6583 6696 6809 6922 7035 7148 7261 7374 7487 7600 7713 7826 7939 8052 8165 8278 8391 8504 8617 8730 8843 8956 9069 9182 9295 9408 9521 9634 9747 9860 9973 10086 10199 10312 10425 10538 10651 10764 10877 10879 10992 11105 11218 11331 11444 11557 11670 11783 11896 12009 12122 12235 27 140 253 366 479 592 705 818 931 1044 1157 1270 1383 1496 1609 1722 1835 1948 2061 2174 2287 2400 2513 2626 2739 2852 2965 3078 3191 3304
3305 3418 3531 3644 3757 3870 3983 4096 4209 4322 4435 4548 4661 4663 4776 4889 5002 5115 5228 5341 5454 5567 5680 5793 5906 6019 6132 6245 6358 6471 6584 6697 6810 6923 7036 7149 7262 7375 7488 7601 7714 7827 7940 8053 8166 8279 8392 8505 8618 8731 8844 8957 9070 9183 9296 9409 9522 9635 9748 9861 9974 10087 10200 10313 10426 10539 10652 10765 10878 10880 10993 11106 11219 11332 11445 11558 11671 11784 11897 12010 12123 12236 28 141 254 367 480 593 706 819 932 1045 1158 1271 1384 1497 1610 1723 1836 1949 2062 2175 2288 2401 2514 2627 2740 2853 2966 3079 3192
3193 3306 3419 3532 3645 3758 3871 3984 4097 4210 4323 4436 4549 4662 4664 4777 4890 5003 5116 5229 5342 5455 5568 5681 5794 5907 6020 6133 6246 6359 6472 6585 6698 6811 6924 7037 7150 7263 7376 7489 7602 7715 7828 7941 8054 8167 8280 8393 8506 8619 8732 8845 8958 9071 9184 9297 9410 9523 9636 9749 9862 9975 10088 10201 10314 10427 10540 10653 10766 10768 10881 10994 11107 11220 11333 11446 11559 11672 11785 11898 12011 12124 12237 29 142 255 368 481 594 707 820 933 1046 1159 1272 1385 1498 1611 1724 1837 1950 2063 2176 2289 2402 2515 2628 2741 2854 2967 3080
3081 3194 3307 3420 3533 3646 3759 3872 3985 4098 4211 4324 4437 4550 4552 4665 4778 4891 5004 5117 5230 5343 5456 5569 5682 5795 5908 6021 6134 6247 6360 6473 6586 6699 6812 6925 7038 7151 7264 7377 7490 7603 7716 7829 7942 8055 8168 8281 8394 8507 8620 8733 8846 8959 9072 9185 9298 9411 9524 9637 9750 9863 9976 10089 10202 10315 10428 10541 10654 10767 10769 10882 10995 11108 11221 11334 11447 11560 11673 11786 11899 12012 12125 12238 30 143 256 369 482 595 708 821 934 1047 1160 1273 1386 1499 1612 1725 1838 1951 2064 2177 2290 2403 2516 2629 2742 2855 2968
2969 3082 3195 3308 3421 3534 3647 3760 3873 3986 4099 4212 4325 4438 4551 4553 4666 4779 4892 5005 5118 5231 5344 5457 5570 5683 5796 5909 6022 6135 6248 6361 6474 6587 6700 6813 6926 7039 7152 7265 7378 7491 7604 7717 7830 7943 8056 8169 8282 8395 8508 8621 8734 8847 8960 9073 9186 9299 9412 9525 9638 9751 9864 9977 10090 10203 10316 10429 10542 10655 10657 10770 10883 10996 11109 11222 11335 11448 11561 11674 11787 11900 12013 12126 12239 31 144 257 370 483 596 709 822 935 1048 1161 1274 1387 1500 1613 1726 1839 1952 2065 2178 2291 2404 2517 2630 2743 2856
2857 2970 3083 3196 3309 3422 3535 3648 3761 3874 3987 4100 4213 4326 4439 4441 4554 4667 4780 4893 5006 5119 5232 5345 5458 5571 5684 5797 5910 6023 6136 6249 6362 6475 6588 6701 6814 6927 7040 7153 7266 7379 7492 7605 7718 7831 7944 8057 8170 8283 8396 8509 8622 8735 8848 8961 9074 9187 9300 9413 9526 9639 9752 9865 9978 10091 10204 10317 10430 10543 10656 10658 10771 10884 10997 11110 11223 11336 11449 11562 11675 11788 11901 12014 12127 12240 32 145 258 371 484 597 710 823 936 1049 1162 1275 1388 1501 1614 1727 1840 1953 2066 2179 2292 2405 2518 2631 2744
2745 2858 2971 3084 3197 3310 3423 3536 3649 3762 3875 3988 4101 4214 4327 4440 4442 4555 4668 4781 4894 5007 5120 5233 5346 5459 5572 5685 5798 5911 6024 6137 6250 6363 6476 6589 6702 6815 6928 7041 7154 7267 7380 7493 7606 7719 7832 7945 8058 8171 8284 8397 8510 8623 8736 8849 8962 9075 9188 9301 9414 9527 9640 9753 9866 9979 10092 10205 10318 10431 10544 10546 10659 10772 10885 10998 11111 11224 11337 11450 11563 11676 11789 11902 12015 12128 12241 33 146 259 372 485 598 711 824 937 1050 1163 1276 1389 1502 1615 1728 1841 1954 2067 2180 2293 2406 2519 2632
2633 2746 2859 2972 3085 3198 3311 3424 3537 3650 3763 3876 3989 4102 4215 4328 4330 4443 4556 4669 4782 4895 5008 5121 5234 5347 5460 5573 5686 5799 5912 6025 6138 6251 6364 6477 6590 6703 6816 6929 7042 7155 7268 7381 7494 7607 7720 7833 7946 8059 8172 8285 8398 8511 8624 8737 8850 8963 9076 9189 9302 9415 9528 9641 9754 9867 9980 10093 10206 10319 10432 10545 10547 10660 10773 10886 10999 11112 11225 11338 11451 11564 11677 11790 11903 12016 12129 12242 34 147 260 373 486 599 712 825 938 1051 1164 1277 1390 1503 1616 1729 1842 1955 2068 2181 2294 2407 2520
521 2634 247 2860 2973 3086 3199 3312 3425 3538 3651 3764 3877 3990 4103 4216 4329 4331 4444 4557 4670 4783 4896 5009 5122 5235 5348 5461 5574 5687 5800 5913 6026 6139 6252 6365 6478 6591 6704 6817 6930 7043 7156 7269 7382 7495 7608 7721 7834 7947 8060 8173 8286 8399 8512 8625 8738 8851 8964 9077 9190 9303 9416 9529 9642 9755 9868 9981 10094 10207 10320 10433 10435 10548 10661 10774 10887 11000 11113 11226 11339 11452 11565 11678 11791 11904 12017 12130 12243 35 148 261 374 487 600 713 826 939 1052 1165 1278 1391 1504 1617 1730 1843 1956 2069 2182 2295 2408
2409 2522 2635 2748 2861 2974 3087 3200 3313 3426 3539 3652 3765 3878 3991 4104 4217 4219 4332 4445 4558 4671 4784 4897 5010 5123 5236 5349 5462 5575 5688 5801 5914 6027 6140 6253 6366 6479 6592 6705 6818 6931 7044 7157 7270 7383 7496 7609 7722 7835 7948 8061 8174 8287 8400 8513 8626 8739 8852 8965 9078 9191 9304 9417 9530 9643 9756 9869 9982 10095 10208 10321 10434 10436 10549 10662 10775 10888 11001 11114 11227 11340 11453 11566 11679 11792 11905 12018 12131 12244 36 149 262 375 488 601 714 827 940 1053 1166 1279 1392 1505 1618 1731 1844 1957 2070 2183 2296
2297 2410 2523 2636 279 2862 2975 3088 3201 3314 3427 3540 3653 3766 3879 3992 4105 4218 4220 4333 4446 4559 4672 4785 4898 5011 5124 5237 5350 5463 5576 5689 5802 5915 6028 6141 6254 6367 6480 6593 6706 6819 6932 7045 7158 7271 7384 7497 7610 7723 7836 7949 8062 8175 8288 8401 8514 8627 8740 8853 8966 9079 9192 9305 9418 9531 9644 9757 9870 9983 10096 10209 10322 10324 10437 10550 10663 10776 10889 11002 11115 11228 11341 11454 11567 11680 11793 11906 12019 12132 12245 37 150 263 376 489 602 715 828 941 1054 1167 1280 1393 1506 1619 1732 1845 1958 2071 2184
2185 2298 2411 2524 2637 2750 2863 296 3089 3202 3315 3428 3541 3654 3767 3880 3993 4106 4108 4221 4334 4447 4560 4673 4786 4899 5012 5125 5238 5351 5464 5577 5690 5803 5916 6029 6142 6255 6368 6481 6594 6707 6820 6933 7046 7159 7272 7385 7498 7611 7724 7837 7950 8063 8176 8289 8402 8515 8628 8741 8854 8967 9080 9193 9306 9419 9532 9645 9758 9871 9984 10097 10210 10323 10325 10438 10551 10664 10777 10890 11003 11116 11229 11342 11455 11568 11681 11794 11907 12020 12133 12246 38 151 264 377 490 603 716 829 942 1055 1168 1281 1394 1507 1620 1733 1846 1959 2072
2073 2186 2299 2412 2525 2638 2751 2864 2977 3090 3203 3316 3429 3542 3655 3768 3881 3994 4107 4109 4222 4335 4448 4561 4674 4787 4900 5013 5126 5239 5352 5465 5578 5691 5804 5917 6030 6143 6256 6369 6482 6595 6708 6821 6934 7047 7160 7273 7386 7499 7612 7725 7838 7951 8064 8177 8290 8403 8516 8629 8742 8855 8968 9081 9194 9307 9420 9533 9646 9759 9872 9985 10098 10211 10213 10326 10439 10552 10665 10778 10891 11004 11117 11230 11343 11456 11569 11682 11795 11908 12021 12134 12247 39 152 265 378 491 604 717 830 943 1056 1169 1282 1395 1508 1621 1734 1847 1960
1961 2074 2187 2300 2413 2526 2639 2752 2865 2978 3091 3204 3317 3430 3543 3656 3769 3882 3995 3997 4110 4223 4336 4449 4562 4675 4788 4901 5014 5127 5240 5353 5466 5579 5692 5805 5918 6031 6144 6257 6370 6483 6596 6709 6822 6935 7048 7161 7274 7387 7500 7613 7726 7839 7952 8065 8178 8291 8404 8517 8630 8743 8856 8969 9082 9195 9308 9421 9534 9647 9760 9873 9986 10099 10212 10214 10327 10440 10553 10666 10779 10892 11005 11118 11231 11344 11457 11570 11683 11796 11909 12022 12135 12248 40 153 266 379 492 605 718 831 944 1057 1170 1283 1396 1509 1622 1735 1848
1849 1962 2075 2188 2301 2414 2527 2640 2753 2866 2979 3092 3205 3318 3431 3544 3657 3770 3883 3996 3998 4111 4224 4337 4450 4563 4676 4789 4902 5015 5128 5241 5354 5467 5580 5693 5806 5919 6032 6145 6258 6371 6484 6597 6710 6823 6936 7049 7162 7275 7388 7501 7614 7727 7840 7953 8066 8179 8292 8405 8518 8631 8744 8857 8970 9083 9196 9309 9422 9535 9648 9761 9874 9987 10100 10102 10215 10328 10441 10554 10667 10780 10893 11006 11119 11232 11345 11458 11571 11684 11797 11910 12023 12136 12249 41 154 267 380 493 606 719 832 945 1058 1171 1284 1397 1510 1623 1736
1737 1850 1963 2076 2189 2302 2415 2528 2641 2754 2867 2980 3093 3206 3319 3432 3545 3658 3771 3884 3886 3999 4112 4225 4338 4451 4564 4677 4790 4903 5016 5129 5242 5355 5468 5581 5694 5807 5920 6033 6146 6259 6372 6485 6598 6711 6824 6937 7050 7163 7276 7389 7502 7615 7728 7841 7954 8067 8180 8293 8406 8519 8632 8745 8858 8971 9084 9197 9310 9423 9536 9649 9762 9875 9988 10101 10103 10216 10329 10442 10555 10668 10781 10894 11007 11120 11233 11346 11459 11572 11685 11798 11911 12024 12137 12250 42 155 268 381 494 607 720 833 946 1059 1172 1285 1398 1511 1624
1625 1738 1851 1964 2077 2190 2303 2416 2529 2642 2755 2868 2981 3094 3207 3320 3433 3546 3659 3772 3885 3887 4000 4113 4226 4339 4452 4565 4678 4791 4904 5017 5130 5243 5356 5469 5582 5695 5808 5921 6034 6147 6260 6373 6486 6599 6712 6825 6938 7051 7164 7277 7390 7503 7616 7729 7842 7955 8068 8181 8294 8407 8520 8633 8746 8859 8972 9085 9198 9311 9424 9537 9650 9763 9876 9989 9991 10104 10217 10330 10443 10556 10669 10782 10895 11008 11121 11234 11347 11460 11573 11686 11799 11912 12025 12138 12251 43 156 269 382 495 608 721 834 947 1060 1173 1286 1399 1512
1513 1626 1739 1852 1965 2078 2191 2304 2417 2530 2643 2756 2869 2982 3095 3208 3321 3434 3547 3660 3773 3775 3888 4001 4114 4227 4340 4453 4566 4679 4792 4905 5018 5131 5244 5357 5470 5583 5696 5809 5922 6035 6148 6261 6374 6487 6600 6713 6826 6939 7052 7165 7278 7391 7504 7617 7730 7843 7956 8069 8182 8295 8408 8521 8634 8747 8860 8973 9086 9199 9312 9425 9538 9651 9764 9877 9990 9992 10105 10218 10331 10444 10557 10670 10783 10896 11009 11122 11235 11348 11461 11574 11687 11800 11913 12026 12139 12252 44 157 270 383 496 609 722 835 948 1061 1174 1287 1400
1401 1514 1627 1740 1853 1966 2079 2192 2305 2418 2531 2644 2757 2870 2983 3096 3209 3322 3435 3548 3661 3774 3776 3889 4002 4115 4228 4341 4454 4567 4680 4793 4906 5019 5132 5245 5358 5471 5584 5697 5810 5923 6036 6149 6262 6375 6488 6601 6714 6827 6940 7053 7166 7279 7392 7505 7618 7731 7844 7957 8070 8183 8296 8409 8522 8635 8748 8861 8974 9087 9200 9313 9426 9539 9652 9765 9878 9880 9993 10106 10219 10332 10445 10558 10671 10784 10897 11010 11123 11236 11349 11462 11575 11688 11801 11914 12027 12140 12253 45 158 271 384 497 610 723 836 949 1062 1175 1288
1289 1402 1515 1628 1741 1854 1967 2080 2193 2306 2419 2532 2645 2758 2871 2984 3097 3210 3323 3436 3549 3662 3664 3777 3890 4003 4116 4229 4342 4455 4568 4681 4794 4907 5020 5133 5246 5359 5472 5585 5698 5811 5924 6037 6150 6263 6376 6489 6602 6715 6828 6941 7054 7167 7280 7393 7506 7619 7732 7845 7958 8071 8184 8297 8410 8523 8636 8749 8862 8975 9088 9201 9314 9427 9540 9653 9766 9879 9881 9994 10107 10220 10333 10446 10559 10672 10785 10898 11011 11124 11237 11350 11463 11576 11689 11802 11915 12028 12141 12254 46 159 272 385 498 611 724 837 950 1063 1176
1177 1290 1403 1516 1629 1742 1855 1968 2081 2194 2307 2420 2533 2646 2759 2872 2985 3098 3211 3324 3437 3550 3663 3665 3778 3891 4004 4117 4230 4343 4456 4569 4682 4795 4908 5021 5134 5247 5360 5473 5586 5699 5812 5925 6038 6151 6264 6377 6490 6603 6716 6829 6942 7055 7168 7281 7394 7507 7620 7733 7846 7959 8072 8185 8298 8411 8524 8637 8750 8863 8976 9089 9202 9315 9428 9541 9654 9767 9769 9882 9995 10108 10221 10334 10447 10560 10673 10786 10899 11012 11125 11238 11351 11464 11577 11690 11803 11916 12029 12142 12255 47 160 273 386 499 612 725 838 951 1064
1065 1178 1291 1404 1517 1630 1743 1856 1969 2082 2195 2308 2421 2534 2647 2760 2873 2986 3099 3212 3325 3438 3551 3553 3666 3779 3892 4005 4118 4231 4344 4457 4570 4683 4796 4909 5022 5135 5248 5361 5474 5587 5700 5813 5926 6039 6152 6265 6378 6491 6604 6717 6830 6943 7056 7169 7282 7395 7508 7621 7734 7847 7960 8073 8186 8299 8412 8525 8638 8751 8864 8977 9090 9203 9316 9429 9542 9655 9768 9770 9883 9996 10109 10222 10335 10448 10561 10674 10787 10900 11013 11126 11239 11352 11465 11578 11691 11804 11917 12030 12143 12256 48 161 274 387 500 613 726 839 952
953 1066 1179 1292 1405 1518 1631 1744 1857 1970 2083 2196 2309 2422 2535 2648 2761 2874 2987 3100 3213 3326 3439 3552 3554 3667 3780 3893 4006 4119 4232 4345 4458 4571 4684 4797 4910 5023 5136 5249 5362 5475 5588 5701 5814 5927 6040 6153 6266 6379 6492 6605 6718 6831 6944 7057 7170 7283 7396 7509 7622 7735 7848 7961 8074 8187 8300 8413 8526 8639 8752 8865 8978 9091 9204 9317 9430 9543 9656 9658 9771 9884 9997 10110 10223 10336 10449 10562 10675 10788 10901 11014 11127 11240 11353 11466 11579 11692 11805 11918 12031 12144 12257 49 162 275 388 501 614 727 840
841 954 1067 1180 1293 1406 1519 1632 1745 1858 1971 2084 2197 2310 2423 2536 2649 2762 2875 2988 3101 3214 3327 3440 3442 3555 3668 3781 3894 4007 4120 4233 4346 4459 4572 4685 4798 4911 5024 5137 5250 5363 5476 5589 5702 5815 5928 6041 6154 6267 6380 6493 6606 6719 6832 6945 7058 7171 7284 7397 7510 7623 7736 7849 7962 8075 8188 8301 8414 8527 8640 8753 8866 8979 9092 9205 9318 9431 9544 9657 9659 9772 9885 9998 10111 10224 10337 10450 10563 10676 10789 10902 11015 11128 11241 11354 11467 11580 11693 11806 11919 12032 12145 12258 50 163 276 389 502 615 728
729 842 955 1068 1181 1294 1407 1520 1633 1746 1859 1972 2085 2198 2311 2424 2537 2650 2763 2876 2989 3102 3215 3328 3441 3443 3556 3669 3782 3895 4008 4121 4234 4347 4460 4573 4686 4799 4912 5025 5138 5251 5364 5477 5590 5703 5816 5929 6042 6155 6268 6381 6494 6607 6720 6833 6946 7059 7172 7285 7398 7511 7624 7737 7850 7963 8076 8189 8302 8415 8528 8641 8754 8867 8980 9093 9206 9319 9432 9545 9547 9660 9773 9886 9999 10112 10225 10338 10451 10564 10677 10790 10903 11016 11129 11242 11355 11468 11581 11694 11807 11920 12033 12146 12259 51 164 277 390 503 616
617 730 843 956 1069 1182 1295 1408 1521 1634 1747 1860 1973 2086 2199 2312 2425 2538 2651 2764 2877 2990 3103 3216 3329 3331 3444 3557 3670 3783 3896 4009 4122 4235 4348 4461 4574 4687 4800 4913 5026 5139 5252 5365 5478 5591 5704 5817 5930 6043 6156 6269 6382 6495 6608 6721 6834 6947 7060 7173 7286 7399 7512 7625 7738 7851 7964 8077 8190 8303 8416 8529 8642 8755 8868 8981 9094 9207 9320 9433 9546 9548 9661 9774 9887 10000 10113 10226 10339 10452 10565 10678 10791 10904 11017 11130 11243 11356 11469 11582 11695 11808 11921 12034 12147 12260 52 165 278 391 504
505 618 731 844 957 1070 1183 1296 1409 1522 1635 1748 1861 1974 2087 2200 2313 2426 2539 2652 2765 2878 2991 3104 3217 3330 3332 3445 3558 3671 3784 3897 4010 4123 4236 4349 4462 4575 4688 4801 4914 5027 5140 5253 5366 5479 5592 5705 5818 5931 6044 6157 6270 6383 6496 6609 6722 6835 6948 7061 7174 7287 7400 7513 7626 7739 7852 7965 8078 8191 8304 8417 8530 8643 8756 8869 8982 9095 9208 9321 9434 9436 9549 9662 9775 9888 10001 10114 10227 10340 10453 10566 10679 10792 10905 11018 11131 11244 11357 11470 11583 11696 11809 11922 12035 12148 12261 53 166 279 392
393 506 619 732 845 958 1071 1184 1297 1410 1523 1636 1749 1862 1975 2088 2201 2314 2427 2540 2653 2766 2879 2992 3105 3218 3220 3333 3446 3559 3672 3785 3898 4011 4124 4237 4350 4463 4576 4689 4802 4915 5028 5141 5254 5367 5480 5593 5706 5819 5932 6045 6158 6271 6384 6497 6610 6723 6836 6949 7062 7175 7288 7401 7514 7627 7740 7853 7966 8079 8192 8305 8418 8531 8644 8757 8870 8983 9096 9209 9322 9435 9437 9550 9663 9776 9889 10002 10115 10228 10341 10454 10567 10680 10793 10906 11019 11132 11245 11358 11471 11584 11697 11810 11923 12036 12149 12262 54 167 280
281 394 507 620 733 846 959 1072 1185 1298 1411 1524 1637 1750 1863 1976 2089 2202 2315 2428 2541 2654 2767 2880 2993 3106 3219 3221 3334 3447 3560 3673 3786 3899 4012 4125 4238 4351 4464 4577 4690 4803 4916 5029 5142 5255 5368 5481 5594 5707 5820 5933 6046 6159 6272 6385 6498 6611 6724 6837 6950 7063 7176 7289 7402 7515 7628 7741 7854 7967 8080 8193 8306 8419 8532 8645 8758 8871 8984 9097 9210 9323 9325 9438 9551 9664 9777 9890 10003 10116 10229 10342 10455 10568 10681 10794 10907 11020 11133 11246 11359 11472 11585 11698 11811 11924 12037 12150 12263 55 168
169 282 395 508 621 734 847 960 1073 1186 1299 1412 1525 1638 1751 1864 1977 2090 2203 2316 2429 2542 2655 2768 2881 2994 3107 3109 3222 3335 3448 3561 3674 3787 3900 4013 4126 4239 4352 4465 4578 4691 4804 4917 5030 5143 5256 5369 5482 5595 5708 5821 5934 6047 6160 6273 6386 6499 6612 6725 6838 6951 7064 7177 7290 7403 7516 7629 7742 7855 7968 8081 8194 8307 8420 8533 8646 8759 8872 8985 9098 9211 9324 9326 9439 9552 9665 9778 9891 10004 10117 10230 10343 10456 10569 10682 10795 10908 11021 11134 11247 11360 11473 11586 11699 11812 11925 12038 12151 12264 56
57 170 283 396 509 622 735 848 961 1074 1187 1300 1413 1526 1639 1752 1865 1978 2091 2204 2317 2430 2543 2656 2769 2882 2995 3108 3110 3223 3336 3449 3562 3675 3788 3901 4014 4127 4240 4353 4466 4579 4692 4805 4918 5031 5144 5257 5370 5483 5596 5709 5822 5935 6048 6161 6274 6387 6500 6613 6726 6839 6952 7065 7178 7291 7404 7517 7630 7743 7856 7969 8082 8195 8308 8421 8534 8647 8760 8873 8986 9099 9212 9214 9327 9440 9553 9666 9779 9892 10005 10118 10231 10344 10457 10570 10683 10796 10909 11022 11135 11248 11361 11474 11587 11700 11813 11926 12039 12152 12265
12266 58 171 284 397 510 623 736 849 962 1075 1188 1301 1414 1527 1640 1753 1866 1979 2092 2205 2318 2431 2544 2657 2770 2883 2996 2998 3111 3224 3337 3450 3563 3676 3789 3902 4015 4128 4241 4354 4467 4580 4693 4806 4919 5032 5145 5258 5371 5484 5597 5710 5823 5936 6049 6162 6275 6388 6501 6614 6727 6840 6953 7066 7179 7292 7405 7518 7631 7744 7857 7970 8083 8196 8309 8422 8535 8648 8761 8874 8987 9100 9213 9215 9328 9441 9554 9667 9780 9893 10006 10119 10232 10345 10458 10571 10684 10797 10910 11023 11136 11249 11362 11475 11588 11701 11814 11927 12040 12153
12154 12267 59 172 285 398 511 624 737 850 963 1076 1189 1302 1415 1528 1641 1754 1867 1980 2093 2206 2319 2432 2545 2658 2771 2884 2997 2999 3112 3225 3338 3451 3564 3677 3790 3903 4016 4129 4242 4355 4468 4581 4694 4807 4920 5033 5146 5259 5372 5485 5598 5711 5824 5937 6050 6163 6276 6389 6502 6615 6728 6841 6954 7067 7180 7293 7406 7519 7632 7745 7858 7971 8084 8197 8310 8423 8536 8649 8762 8875 8988 9101 9103 9216 9329 9442 9555 9668 9781 9894 10007 10120 10233 10346 10459 10572 10685 10798 10911 11024 11137 11250 11363 11476 11589 11702 11815 11928 12041
12042 12155 12268 60 173 286 399 512 625 738 851 964 1077 1190 1303 1416 1529 1642 1755 1868 1981 2094 2207 2320 2433 2546 2659 2772 2885 2887 3000 3113 3226 3339 3452 3565 3678 3791 3904 4017 4130 4243 4356 4469 4582 4695 4808 4921 5034 5147 5260 5373 5486 5599 5712 5825 5938 6051 6164 6277 6390 6503 6616 6729 6842 6955 7068 7181 7294 7407 7520 7633 7746 7859 7972 8085 8198 8311 8424 8537 8650 8763 8876 8989 9102 9104 9217 9330 9443 9556 9669 9782 9895 10008 10121 10234 10347 10460 10573 10686 10799 10912 11025 11138 11251 11364 11477 11590 11703 11816 11929
11930 12043 12156 12269 61 174 287 400 513 626 739 852 965 1078 1191 1304 1417 1530 1643 1756 1869 1982 2095 2208 2321 2434 2547 2660 2773 2886 2888 3001 3114 3227 3340 3453 3566 3679 3792 3905 4018 4131 4244 4357 4470 4583 4696 4809 4922 5035 5148 5261 5374 5487 5600 5713 5826 5939 6052 6165 6278 6391 6504 6617 6730 6843 6956 7069 7182 7295 7408 7521 7634 7747 7860 7973 8086 8199 8312 8425 8538 8651 8764 8877 8990 8992 9105 9218 9331 9444 9557 9670 9783 9896 10009 10122 10235 10348 10461 10574 10687 10800 10913 11026 11139 11252 11365 11478 11591 11704 11817
11818 11931 12044 12157 12270 62 175 288 401 514 627 740 853 966 1079 1192 1305 1418 1531 1644 1757 1870 1983 2096 2209 2322 2435 2548 2661 2774 2776 2889 3002 3115 3228 3341 3454 3567 3680 3793 3906 4019 4132 4245 4358 4471 4584 4697 4810 4923 5036 5149 5262 5375 5488 5601 5714 5827 5940 6053 6166 6279 6392 6505 6618 6731 6844 6957 7070 7183 7296 7409 7522 7635 7748 7861 7974 8087 8200 8313 8426 8539 8652 8765 8878 8991 8993 9106 9219 9332 9445 9558 9671 9784 9897 10010 10123 10236 10349 10462 10575 10688 10801 10914 11027 11140 11253 11366 11479 11592 11705
11706 11819 11932 12045 12158 12271 63 176 289 402 515 628 741 854 967 1080 1193 1306 1419 1532 1645 1758 1871 1984 2097 2210 2323 2436 2549 2662 2775 2777 2890 3003 3116 3229 3342 3455 3568 3681 3794 3907 4020 4133 4246 4359 4472 4585 4698 4811 4924 5037 5150 5263 5376 5489 5602 5715 5828 5941 6054 6167 6280 6393 6506 6619 6732 6845 6958 7071 7184 7297 7410 7523 7636 7749 7862 7975 8088 8201 8314 8427 8540 8653 8766 8879 8881 8994 9107 9220 9333 9446 9559 9672 9785 9898 10011 10124 10237 10350 10463 10576 10689 10802 10915 11028 11141 11254 11367 11480 11593
11594 11707 11820 11933 12046 12159 12272 64 177 290 403 516 629 742 855 968 1081 1194 1307 1420 1533 1646 1759 1872 1985 2098 2211 2324 2437 2550 2663 2665 2778 2891 3004 3117 3230 3343 3456 3569 3682 3795 3908 4021 4134 4247 4360 4473 4586 4699 4812 4925 5038 5151 5264 5377 5490 5603 5716 5829 5942 6055 6168 6281 6394 6507 6620 6733 6846 6959 7072 7185 7298 7411 7524 7637 7750 7863 7976 8089 8202 8315 8428 8541 8654 8767 8880 8882 8995 9108 9221 9334 9447 9560 9673 9786 9899 10012 10125 10238 10351 10464 10577 10690 10803 10916 11029 11142 11255 11368 11481
11482 11595 11708 11821 11934 12047 12160 12273 65 178 291 404 517 630 743 856 969 1082 1195 1308 1421 1534 1647 1760 1873 1986 2099 2212 2325 2438 2551 2664 2666 2779 2892 3005 3118 3231 3344 3457 3570 3683 3796 3909 4022 4135 4248 4361 4474 4587 4700 4813 4926 5039 5152 5265 5378 5491 5604 5717 5830 5943 6056 6169 6282 6395 6508 6621 6734 6847 6960 7073 7186 7299 7412 7525 7638 7751 7864 7977 8090 8203 8316 8429 8542 8655 8768 8770 8883 8996 9109 9222 9335 9448 9561 9674 9787 9900 10013 10126 10239 10352 10465 10578 10691 10804 10917 11030 11143 11256 11369
11370 11483 11596 11709 11822 11935 12048 12161 12274 66 179 292 405 518 631 744 857 970 1083 1196 1309 1422 1535 1648 1761 1874 1987 2100 2213 2326 2439 2552 2554 2667 2780 2893 3006 3119 3232 3345 3458 3571 3684 3797 3910 4023 4136 4249 4362 4475 4588 4701 4814 4927 5040 5153 5266 5379 5492 5605 5718 5831 5944 6057 6170 6283 6396 6509 6622 6735 6848 6961 7074 7187 7300 7413 7526 7639 7752 7865 7978 8091 8204 8317 8430 8543 8656 8769 8771 8884 8997 9110 9223 9336 9449 9562 9675 9788 9901 10014 10127 10240 10353 10466 10579 10692 10805 10918 11031 11144 11257
11258 11371 11484 11597 11710 11823 11936 12049 12162 12275 67 180 293 406 519 632 745 858 971 1084 1197 1310 1423 1536 1649 1762 1875 1988 2101 2214 2327 2440 2553 2555 2668 2781 2894 3007 3120 3233 3346 3459 3572 3685 3798 3911 4024 4137 4250 4363 4476 4589 4702 4815 4928 5041 5154 5267 5380 5493 5606 5719 5832 5945 6058 6171 6284 6397 6510 6623 6736 6849 6962 7075 7188 7301 7414 7527 7640 7753 7866 7979 8092 8205 8318 8431 8544 8657 8659 8772 8885 8998 9111 9224 9337 9450 9563 9676 9789 9902 10015 10128 10241 10354 10467 10580 10693 10806 10919 11032 11145
11146 11259 11372 11485 11598 11711 11824 11937 12050 12163 12276 68 181 294 407 520 633 746 859 972 1085 1198 1311 1424 1537 1650 1763 1876 1989 2102 2215 2328 2441 2443 2556 2669 2782 2895 3008 3121 3234 3347 3460 3573 3686 3799 3912 4025 4138 4251 4364 4477 4590 4703 4816 4929 5042 5155 5268 5381 5494 5607 5720 5833 5946 6059 6172 6285 6398 6511 6624 6737 6850 6963 7076 7189 7302 7415 7528 7641 7754 7867 7980 8093 8206 8319 8432 8545 8658 8660 8773 8886 8999 9112 9225 9338 9451 9564 9677 9790 9903 10016 10129 10242 10355 10468 10581 10694 10807 10920 11033
11034 11147 11260 11373 11486 11599 11712 11825 11938 12051 12164 12277 69 182 295 408 521 634 747 860 973 1086 1199 1312 1425 1538 1651 1764 1877 1990 2103 2216 2329 2442 2444 2557 2670 2783 2896 3009 3122 3235 3348 3461 3574 3687 3800 3913 4026 4139 4252 4365 4478 4591 4704 4817 4930 5043 5156 5269 5382 5495 5608 5721 5834 5947 6060 6173 6286 6399 6512 6625 6738 6851 6964 7077 7190 7303 7416 7529 7642 7755 7868 7981 8094 8207 8320 8433 8546 8548 8661 8774 8887 9000 9113 9226 9339 9452 9565 9678 9791 9904 10017 10130 10243 10356 10469 10582 10695 10808 10921
10922 11035 11148 11261 11374 11487 11600 11713 11826 11939 12052 12165 12278 70 183 296 409 522 635 748 861 974 1087 1200 1313 1426 1539 1652 1765 1878 1991 2104 2217 2330 2332 2445 2558 2671 2784 2897 3010 3123 3236 3349 3462 3575 3688 3801 3914 4027 4140 4253 4366 4479 4592 4705 4818 4931 5044 5157 5270 5383 5496 5609 5722 5835 5948 6061 6174 6287 6400 6513 6626 6739 6852 6965 7078 7191 7304 7417 7530 7643 7756 7869 7982 8095 8208 8321 8434 8547 8549 8662 8775 8888 9001 9114 9227 9340 9453 9566 9679 9792 9905 10018 10131 10244 10357 10470 10583 10696 10809
10810 10923 11036 11149 11262 11375 11488 11601 11714 11827 11940 12053 12166 12279 71 184 297 410 523 636 749 862 975 1088 1201 1314 1427 1540 1653 1766 1879 1992 2105 2218 2331 2333 2446 2559 2672 2785 2898 3011 3124 3237 3350 3463 3576 3689 3802 3915 4028 4141 4254 4367 4480 4593 4706 4819 4932 5045 5158 5271 5384 5497 5610 5723 5836 5949 6062 6175 6288 6401 6514 6627 6740 6853 6966 7079 7192 7305 7418 7531 7644 7757 7870 7983 8096 8209 8322 8435 8437 8550 8663 8776 8889 9002 9115 9228 9341 9454 9567 9680 9793 9906 10019 10132 10245 10358 10471 10584 10697
10698 10811 10924 11037 11150 11263 11376 11489 11602 11715 11828 11941 12054 12167 12280 72 185 298 411 524 637 750 863 976 1089 1202 1315 1428 1541 1654 1767 1880 1993 2106 2219 2221 2334 2447 2560 2673 2786 2899 3012 3125 3238 3351 3464 3577 3690 3803 3916 4029 4142 4255 4368 4481 4594 4707 4820 4933 5046 5159 5272 5385 5498 5611 5724 5837 5950 6063 6176 6289 6402 6515 6628 6741 6854 6967 7080 7193 7306 7419 7532 7645 7758 7871 7984 8097 8210 8323 8436 8438 8551 8664 8777 8890 903 9116 9229 9342 9455 568 9681 9794 9907 10020 10133 10246 10359 10472 10585
10586 10699 10812 10925 11038 11151 11264 11377 11490 11603 11716 11829 11942 12055 12168 12281 73 186 299 412 525 638 751 864 977 1090 1203 1316 1429 1542 1655 1768 1881 1994 2107 2220 2222 2335 2448 2561 2674 2787 2900 3013 3126 3239 3352 3465 3578 3691 3804 3917 4030 4143 4256 4369 4482 4595 4708 4821 4934 5047 5160 5273 5386 5499 5612 5725 5838 5951 6064 6177 6290 6403 6516 6629 6742 6855 6968 7081 7194 7307 7420 7533 7646 7759 7872 7985 8098 8211 8324 8326 8439 8552 8665 8778 8891 9004 9117 9230 9343 9456 9569 9682 9795 9908 10021 10134 10247 10360 10473
10474 10587 10700 10813 10926 11039 11152 11265 11378 11491 11604 11717 11830 11943 12056 12169 12282 74 187 300 413 526 639 752 865 978 1091 1204 1317 1430 1543 1656 1769 1882 1995 208 2110 2223 2336 2449 2562 2675 2788 2901 3014 3127 3240 3353 3466 3579 3692 3805 3918 4031 4144 4257 4370 4483 4596 4709 4822 4935 5048 5161 5274 5387 5500 5613 5726 5839 5952 6065 6178 6291 6404 6517 6630 6743 6856 6969 7082 7195 7308 7421 7534 7647 7760 7873 7986 8099 8212 8325 8327 8440 8553 8666 8779 8892 9005 9118 9231 9344 9457 9570 9683 9796 9909 10022 10135 10248 10361
10362 10475 10588 10701 10814 10927 11040 11153 11266 11379 11492 11605 11718 11831 11944 12057 12170 12283 75 188 301 414 527 640 753 866 979 1092 1205 1318 1431 1544 1657 1770 1883 1996 2109 2111 2224 2337 2450 2563 2676 2789 2902 3015 3128 3241 3354 3467 3580 3693 3806 3919 4032 4145 4258 4371 4484 4597 4710 4823 4936 5049 5162 5275 5388 5501 5614 5727 5840 5953 6066 6179 6292 6405 6518 6631 6744 6857 6970 7083 7196 7309 7422 7535 7648 7761 7874 7987 8100 8213 8215 8328 8441 8554 8667 8780 8893 9006 9119 9232 9345 9458 9571 9684 9797 9910 10023 10136 10249
10250 10363 10476 10589 10702 10815 10928 11041 11154 11267 11380 11493 11606 11719 11832 11945 12058 12171 12284 76 189 302 415 528 641 754 867 980 1093 1206 1319 1432 1545 1658 1771 1884 197 1999 2112 2225 2338 2451 2564 2677 2790 2903 3016 3129 3242 3355 3468 3581 3694 3807 3920 4033 4146 4259 4372 4485 4598 4711 4824 4937 5050 5163 5276 5389 5502 5615 5728 5841 5954 6067 6180 6293 6406 6519 6632 6745 6858 6971 7084 7197 7310 7423 7536 7649 7762 7875 7988 8101 8214 8216 8329 8442 8555 8668 8781 8894 9007 9120 9233 9346 9459 9572 9685 9798 9911 10024 10137
10138 10251 10364 10477 10590 10703 10816 10929 11042 11155 11268 11381 11494 11607 11720 11833 11946 12059 12172 12285 77 190 303 416 529 642 755 868 981 1094 1207 1320 1433 1546 1659 1772 1885 1998 2000 2113 2226 2339 2452 2565 2678 2791 2904 3017 3130 3243 3356 3469 3582 3695 3808 3921 4034 4147 4260 4373 4486 4599 4712 4825 4938 5051 5164 5277 5390 5503 5616 5729 5842 5955 6068 6181 6294 6407 6520 6633 6746 6859 6972 7085 7198 7311 7424 7537 7650 7763 7876 7989 8102 8104 8217 8330 8443 8556 8669 8782 8895 9008 9121 9234 9347 9460 9573 9686 9799 9912 10025
10026 10139 10252 10365 10478 10591 10704 10817 10930 11043 11156 11269 11382 11495 11608 11721 11834 11947 12060 12173 12286 78 191 304 417 530 643 756 869 982 1095 1208 1321 1434 1547 1660 1773 1886 1888 2001 2114 2227 2340 2453 2566 2679 2792 2905 3018 3131 3244 3357 3470 3583 3696 3809 3922 4035 4148 4261 4374 4487 4600 4713 4826 4939 5052 5165 5278 5391 5504 5617 5730 5843 5956 6069 6182 6295 6408 6521 6634 6747 6860 6973 7086 7199 7312 7425 7538 7651 7764 7877 7990 8103 8105 8218 8331 8444 8557 8670 8783 8896 9009 9122 9235 9348 9461 9574 9687 9800 9913
9914 10027 10140 10253 10366 1079 10592 10705 10818 10931 11044 11157 11270 11383 11496 11609 11722 11835 11948 12061 12174 12287 79 192 305 418 531 644 757 870 983 1096 1209 1322 1435 1548 1661 174 1887 1889 2002 2115 2228 2341 2454 2567 2680 2793 2906 3019 3132 3245 3358 3471 3584 3697 3810 3923 4036 4149 4262 4375 4488 4601 4714 4827 4940 5053 5166 5279 5392 5505 5618 5731 5844 5957 6070 6183 6296 6409 6522 6635 6748 6861 6974 7087 7200 7313 7426 7539 7652 7765 7878 7991 7993 8106 8219 8332 8445 8558 8671 8784 8897 9010 9123 9236 9349 9462 9575 9688 9801
9802 9915 10028 10141 10254 10367 10480 10593 10706 10819 10932 11045 11158 11271 11384 11497 11610 11723 11836 11949 12062 12175 12288 80 193 306 419 532 645 758 871 984 1097 1210 1323 1436 1549 1662 1775 1777 1890 2003 2116 2229 2342 2455 2568 2681 2794 2907 3020 3133 3246 3359 3472 3585 3698 3811 3924 4037 4150 4263 4376 4489 4602 4715 4828 4941 5054 5167 5280 5393 5506 5619 5732 5845 5958 6071 6184 6297 6410 6523 6636 6749 6862 6975 7088 7201 7314 7427 7540 7653 7766 7879 7992 7994 8107 8220 8333 8446 8559 8672 8785 8898 9011 9124 9237 9350 9463 9576 9689
9690 9803 9916 10029 10142 10255 10368 10481 10594 10707 10820 10933 11046 11159 11272 11385 11498 11611 11724 11837 11950 12063 12176 12289 81 194 307 420 533 646 759 872 985 1098 1211 1324 1437 1550 1663 1776 1778 1891 2004 2117 2230 2343 2456 2569 2682 2795 2908 3021 3134 3247 3360 3473 3586 3699 3812 3925 4038 4151 4264 4377 4490 4603 4716 4829 4942 5055 5168 5281 5394 5507 5620 5733 5846 5959 6072 6185 6298 6411 6524 6637 6750 6863 6976 7089 7202 7315 7428 7541 7654 7767 7880 7882 7995 8108 8221 8334 8447 8560 8673 8786 8899 9012 9125 9238 9351 9464 9577
9578 9691 9804 9917 10030 10143 10256 10369 10482 10595 10708 10821 10934 11047 11160 11273 11386 11499 11612 11725 11838 11951 12064 12177 12290 82 195 308 421 534 647 760 873 986 1099 1212 1325 1438 1551 1664 1666 1779 1892 2005 2118 2231 2344 2457 2570 2683 2796 2909 3022 3135 3248 3361 3474 3587 3700 3813 3926 4039 4152 4265 4378 4491 4604 4717 4830 4943 5056 5169 5282 5395 5508 5621 5734 5847 5960 6073 6186 6299 6412 6525 6638 6751 6864 6977 7090 7203 7316 7429 7542 7655 7768 7881 7883 7996 8109 8222 8335 8448 8561 8674 8787 8900 9013 9126 9239 9352 9465
9466 9579 9692 9805 9918 10031 10144 10257 10370 10483 10596 10709 10822 10935 11048 11161 11274 11387 11500 11613 11726 11839 11952 12065 12178 12291 83 196 309 422 535 648 761 874 987 1100 1213 1326 1439 1552 1665 1667 1780 1893 2006 2119 2232 2345 2458 2571 2684 2797 2910 3023 3136 3249 3362 3475 3588 3701 3814 3927 4040 4153 4266 4379 4492 4605 4718 4831 4944 5057 5170 5283 5396 5509 5622 5735 5848 5961 6074 6187 6300 6413 6526 6639 6752 6865 6978 7091 7204 7317 7430 7543 7656 7769 7771 7884 7997 8110 8223 8336 8449 8562 8675 8788 8901 9014 9127 9240 9353
9354 9467 9580 9693 9806 9919 10032 10145 10258 10371 10484 10597 10710 10823 10936 11049 11162 11275 11388 11501 11614 11727 11840 11953 12066 12179 12292 84 197 310 423 536 649 762 875 988 1101 1214 1327 1440 1553 1555 1668 1781 1894 2007 2120 233 2346 2459 2572 2685 2798 2911 3024 3137 3250 3363 3476 3589 3702 3815 3928 4041 4154 4267 4380 4493 4606 4719 4832 4945 5058 5171 5284 5397 5510 5623 5736 5849 5962 6075 6188 6301 6414 6527 6640 6753 6866 6979 7092 7205 7318 7431 7544 7657 7770 7772 7885 7998 8111 8224 8337 8450 8563 8676 8789 8902 9015 9128 9241
9242 9355 9468 9581 9694 9807 9920 10033 10146 10259 10372 10485 10598 10711 10824 10937 11050 11163 11276 11389 11502 11615 11728 11841 11954 12067 12180 12293 85 198 311 424 537 650 763 876 989 1102 1215 1328 1441 1554 1556 1669 1782 1895 2008 2121 2234 2347 2460 2573 2686 2799 2912 3025 3138 3251 3364 3477 3590 3703 3816 3929 4042 4155 4268 4381 4494 4607 4720 4833 4946 5059 5172 5285 5398 5511 5624 5737 5850 5963 6076 6189 6302 6415 6528 6641 6754 6867 6980 7093 7206 7319 7432 7545 7658 7660 7773 7886 7999 8112 8225 8338 8451 8564 8677 8790 8903 9016 9129
9130 9243 9356 9469 9582 9695 9808 9921 10034 10147 10260 10373 10486 10599 10712 10825 10938 11051 11164 11277 11390 11503 11616 11729 11842 11955 12068 12181 12294 86 199 312 425 538 651 764 877 990 1103 1216 1329 1442 1444 1557 1670 1783 1896 2009 2122 2235 2348 2461 2574 2687 2800 2913 3026 3139 3252 3365 3478 3591 3704 3817 3930 4043 4156 4269 4382 4495 4608 4721 4834 4947 5060 5173 5286 5399 5512 5625 5738 5851 5964 6077 6190 6303 6416 6529 6642 6755 6868 6981 7094 7207 7320 7433 7546 7659 7661 7774 7887 8000 8113 8226 8339 8452 8565 8678 8791 8904 9017
908 9131 9244 9357 9470 9583 9696 9809 9922 10035 10148 10261 10374 10487 10600 10713 10826 10939 11052 11165 11278 11391 11504 11617 11730 11843 11956 12069 12182 12295 87 200 313 426 539 652 765 878 991 1104 1217 1330 1443 1445 1558 1671 1784 1897 2010 2123 2236 2349 2462 2575 2688 2801 2914 3027 3140 3253 3366 3479 3592 3705 3818 3931 4044 4157 4270 4383 4496 4609 4722 4835 4948 5061 5174 5287 5400 5513 5626 5739 5852 5965 6078 6191 6304 6417 6530 6643 6756 6869 6982 7095 7208 7321 7434 7547 7549 7662 7775 7888 8001 8114 8227 8340 8453 8566 8679 8792 8905
8906 9019 9132 9245 9358 9471 9584 9697 9810 9923 10036 10149 10262 10375 10488 10601 10714 10827 10940 11053 11166 11279 11392 11505 11618 11731 11844 11957 12070 12183 12296 88 201 314 427 540 653 766 879 992 1105 1218 1331 1333 1446 1559 1672 175 1898 2011 2124 2237 2350 2463 2576 2689 2802 2915 3028 3141 3254 3367 3480 3593 3706 3819 3932 4045 4158 4271 4384 4497 4610 4723 4836 4949 5062 5175 5288 5401 5514 5627 5740 5853 5966 6079 6192 6305 6418 6531 6644 6757 6870 6983 7096 7209 7322 7435 7548 7550 7663 7776 7889 8002 8115 8228 8341 8454 8567 8680 8793
8794 8907 9020 9133 9246 9359 9472 9585 9698 9811 9924 10037 10150 10263 10376 10489 10602 10715 10828 10941 11054 11167 11280 11393 11506 11619 11732 11845 11958 12071 12184 12297 89 202 315 428 541 654 767 880 993 1106 1219 1332 1334 1447 1560 1673 1786 1899 2012 2125 2238 2351 2464 2577 2690 2803 2916 3029 3142 3255 3368 3481 3594 3707 3820 3933 4046 4159 4272 4385 4498 4611 4724 4837 4950 5063 5176 5289 5402 5515 5628 5741 5854 5967 6080 6193 6306 6419 6532 6645 6758 6871 6984 7097 7210 7323 7436 7438 7551 7664 7777 7890 8003 8116 8229 8342 8455 8568 8681
8682 8795 8908 9021 9134 9247 9360 9473 9586 9699 9812 9925 10038 10151 10264 10377 10490 10603 10716 10829 10942 11055 11168 11281 11394 11507 11620 11733 11846 11959 12072 12185 12298 90 203 316 429 542 655 768 881 994 1107 1220 1222 1335 1448 1561 1674 1787 1900 2013 2126 2239 2352 2465 2578 2691 2804 2917 3030 3143 3256 3369 3482 3595 3708 3821 3934 4047 4160 4273 4386 4499 4612 4725 4838 4951 5064 5177 5290 5403 5516 5629 5742 5855 5968 6081 6194 6307 6420 6533 6646 6759 6872 6985 7098 7211 7324 7437 7439 7552 7665 7778 7891 8004 8117 8230 8343 8456 8569
8570 8683 8796 8909 9022 9135 9248 9361 9474 9587 9700 9813 9926 10039 10152 10265 10378 10491 10604 10717 10830 10943 11056 11169 11282 11395 11508 11621 11734 11847 11960 12073 12186 12299 91 204 317 430 543 656 769 882 995 1108 1221 1223 1336 1449 1562 1675 1788 1901 2014 2127 2240 2353 2466 2579 2692 2805 2918 3031 3144 3257 3370 3483 3596 3709 3822 3935 4048 4161 4274 4387 4500 4613 4726 4839 4952 5065 5178 5291 5404 5517 5630 5743 5856 5969 6082 6195 6308 6421 6534 6647 6760 6873 6986 7099 7212 7325 7327 7440 7553 7666 7779 7892 8005 8118 8231 8344 8457
8458 8571 8684 8797 8910 9023 9136 9249 9362 9475 9588 9701 9814 9927 10040 10153 10266 10379 10492 10605 10718 10831 10944 11057 11170 11283 11396 11509 11622 11735 11848 11961 12074 12187 12300 92 205 318 431 544 657 770 883 996 1109 1111 1224 1337 1450 1563 1676 1789 1902 2015 2128 2241 2354 2467 2580 2693 2806 2919 3032 3145 3258 3371 3484 3597 3710 3823 3936 4049 4162 4275 4388 4501 4614 4727 4840 4953 5066 5179 5292 5405 5518 5631 5744 5857 5970 6083 6196 6309 6422 6535 6648 6761 6874 6987 7100 7213 7326 7328 7441 7554 7667 7780 7893 8006 8119 8232 8345
8346 8459 8572 8685 8798 811 9024 9137 9250 9363 9476 9589 9702 9815 9928 10041 10154 10267 10380 10493 10606 10719 10832 10945 11058 11171 11284 11397 11510 11623 11736 11849 11962 12075 12188 12301 93 206 319 432 545 658 771 884 997 1110 1112 1225 1338 1451 1564 1677 1790 1903 2016 2129 2242 2355 2468 2581 2694 2807 2920 3033 3146 3259 3372 3485 3598 3711 3824 3937 4050 4163 4276 4389 4502 4615 4728 4841 4954 5067 5180 5293 5406 5519 5632 5745 5858 5971 6084 6197 6310 6423 6536 6649 6762 6875 6988 7101 7214 7216 7329 7442 7555 7668 7781 7894 8007 8120 8233
8234 8347 8460 8573 8686 8799 8912 9025 9138 9251 9364 9477 9590 9703 9816 9929 10042 10155 10268 10381 10494 10607 10720 10833 10946 11059 11172 11285 11398 11511 11624 11737 11850 11963 12076 12189 12302 94 207 30 433 546 659 772 885 998 1000 1113 1226 1339 1452 1565 1678 1791 1904 2017 2130 2243 2356 2469 2582 2695 2808 2921 3034 3147 3260 3373 3486 3599 3712 3825 3938 4051 4164 4277 4390 4503 4616 4729 4842 4955 5068 5181 5294 5407 5520 5633 5746 5859 5972 6085 6198 6311 6424 6537 6650 6763 6876 6989 7102 7215 7217 7330 7443 7556 7669 7782 7895 8008 8121
8122 8235 8348 8461 8574 8687 8800 8913 9026 9139 9252 9365 9478 9591 9704 9817 9930 10043 10156 10269 10382 10495 10608 10721 10834 10947 11060 11173 11286 11399 11512 11625 11738 11851 11964 12077 12190 12303 95 208 321 434 547 660 773 886 999 1001 1114 1227 1340 1453 1566 1679 1792 1905 2018 2131 2244 2357 2470 2583 2696 2809 2922 3035 3148 3261 3374 3487 3600 3713 3826 3939 4052 4165 4278 4391 4504 4617 4730 4843 4956 5069 5182 5295 5408 5521 5634 5747 5860 5973 6086 6199 6312 6425 6538 6651 6764 6877 6990 7103 7105 7218 7331 7444 7557 7670 7783 7896 8009
8010 8123 8236 8349 8462 855 8688 8801 8914 9027 9140 9253 9366 9479 9592 9705 9818 9931 10044 10157 10270 10383 10496 10609 10722 10835 10948 11061 11174 11287 11400 11513 11626 11739 11852 11965 12078 12191 12304 96 209 322 435 548 661 774 887 889 1002 1115 1228 1341 1454 1567 1680 1793 1906 2019 2132 2245 2358 2471 2584 2697 2810 2923 3036 3149 3262 3375 3488 3601 3714 3827 3940 4053 4166 4279 4392 4505 4618 4731 4844 4957 5070 5183 5296 5409 5522 5635 5748 5861 5974 6087 6200 6313 6426 6539 6652 6765 6878 6991 7104 7106 7219 7332 7445 7558 7671 7784 7897
7898 8011 8124 8237 8350 8463 8576 8689 8802 8915 9028 9141 9254 9367 9480 9593 9706 9819 9932 10045 10158 10271 10384 10497 10610 10723 10836 10949 11062 11175 11288 11401 11514 11627 11740 11853 11966 12079 12192 12305 97 210 323 436 549 662 775 888 890 1003 1116 1229 1342 1455 1568 1681 1794 1907 2020 2133 2246 2359 2472 2585 2698 2811 2924 3037 3150 3263 3376 3489 3602 3715 3828 3941 4054 4167 4280 4393 4506 4619 4732 4845 4958 5071 5184 5297 5410 5523 5636 5749 5862 5975 6088 6201 6314 6427 6540 6653 6766 6879 6992 6994 7107 7220 7333 7446 7559 7672 7785
7786 7899 8012 8125 8238 851 8464 8577 8690 8803 8916 9029 9142 9255 9368 9481 9594 9707 9820 9933 10046 10159 10272 10385 10498 10611 10724 10837 10950 11063 11176 11289 11402 11515 11628 11741 11854 11967 12080 12193 12306 98 211 324 437 50 663 776 778 891 1004 1117 1230 1343 1456 1569 1682 1795 1908 2021 2134 2247 2360 2473 2586 2699 2812 2925 3038 3151 3264 3377 3490 3603 3716 3829 3942 4055 4168 4281 4394 4507 4620 4733 4846 4959 5072 5185 5298 5411 5524 5637 5750 5863 5976 6089 6202 6315 6428 6541 6654 6767 6880 6993 6995 7108 7221 7334 7447 7560 7673
764 7787 7900 8013 826 8239 8352 8465 8578 8691 8804 8917 9030 9143 9256 9369 9482 9595 9708 9821 9934 10047 10160 10273 10386 10499 10612 10725 10838 10951 11064 11177 11290 11403 11516 11629 11742 11855 11968 12081 12194 12307 99 212 325 438 551 664 777 779 892 1005 1118 1231 1344 1457 1570 1683 1796 1909 2022 2135 2248 2361 2474 2587 2700 2813 2926 3039 3152 3265 3378 3491 3604 3717 3830 3943 4056 4169 4282 4395 4508 4621 4734 4847 4960 5073 5186 5299 5412 5525 5638 5751 5864 5977 6090 6203 6316 6429 6542 6655 6768 6881 6883 6996 7109 7222 7335 7448 7561
7562 7675 7788 701 8014 8127 8240 8353 8466 8579 8692 8805 8918 9031 9144 9257 9370 9483 9596 9709 9822 9935 10048 10161 10274 10387 10500 10613 10726 10839 10952 11065 11178 11291 11404 11517 11630 11743 11856 11969 12082 12195 12308 100 213 326 439 552 665 667 780 893 1006 1119 1232 1345 1458 1571 1684 1797 1910 2023 2136 2249 2362 2475 2588 2701 2814 2927 3040 3153 3266 3379 3492 3605 3718 3831 3944 4057 4170 4283 4396 4509 4622 4735 4848 4961 5074 5187 5300 5413 5526 5639 5752 5865 5978 6091 6204 6317 6430 6543 6656 6769 6882 6884 6997 7110 7223 7336 7449
7450 7563 7676 7789 7902 8015 8128 8241 8354 8467 8580 8693 8806 8919 9032 9145 9258 9371 9484 9597 9710 9823 9936 10049 10162 10275 10388 10501 10614 10727 10840 10953 11066 11179 11292 11405 11518 11631 11744 11857 11970 12083 12196 12309 101 214 327 440 553 666 668 781 894 1007 1120 1233 1346 1459 1572 1685 1798 1911 2024 2137 2250 2363 2476 2589 2702 2815 2928 3041 3154 3267 3380 3493 3606 3719 3832 3945 4058 4171 4284 4397 4510 4623 4736 4849 4962 5075 5188 5301 5414 5527 5640 5753 5866 5979 6092 6205 6318 6431 6544 6657 6770 6772 6885 6998 7111 7224 7337
7338 7451 7564 7677 7790 7903 8016 8129 8242 8355 8468 8581 8694 8807 8920 9033 9146 9259 9372 9485 9598 9711 9824 9937 10050 10163 10276 10389 10502 10615 10728 10841 10954 11067 11180 11293 11406 11519 11632 11745 11858 11971 12084 12197 12310 102 215 328 441 554 556 669 782 895 1008 1121 1234 1347 1460 1573 1686 1799 1912 2025 2138 2251 2364 2477 2590 2703 2816 2929 3042 3155 3268 3381 3494 3607 3720 3833 3946 4059 4172 4285 4398 4511 4624 4737 4850 4963 5076 5189 5302 5415 5528 5641 5754 5867 5980 6093 6206 6319 6432 6545 6658 6771 6773 6886 6999 7112 7225
7226 7339 7452 7565 7678 7791 7904 8017 8130 8243 8356 8469 8582 8695 8808 8921 9034 9147 9260 9373 9486 9599 9712 9825 9938 10051 10164 10277 10390 10503 10616 10729 10842 10955 11068 11181 11294 11407 11520 11633 11746 11859 11972 12085 12198 12311 103 216 329 442 555 557 670 783 896 1009 1122 1235 1348 1461 1574 1687 1800 1913 2026 2139 2252 2365 2478 2591 2704 2817 2930 3043 3156 3269 3382 3495 3608 3721 3834 3947 4060 4173 4286 4399 4512 4625 4738 4851 4964 5077 5190 5303 5416 5529 5642 5755 5868 5981 6094 6207 6320 6433 6546 6659 6661 6774 6887 700 7113
7114 7227 7340 7453 7566 7679 7792 7905 8018 8131 8244 8357 8470 8583 8696 8809 8922 9035 9148 9261 9374 9487 9600 9713 9826 9939 10052 10165 10278 10391 10504 10617 10730 10843 10956 11069 11182 11295 11408 11521 11634 11747 11860 11973 12086 12199 12312 104 217 330 443 445 558 671 784 897 1010 1123 1236 1349 1462 1575 1688 1801 1914 2027 2140 2253 2366 2479 2592 2705 2818 2931 3044 3157 3270 3383 3496 3609 3722 3835 3948 4061 4174 4287 4400 4513 4626 4739 4852 4965 5078 5191 5304 5417 5530 5643 5756 5869 5982 6095 6208 6321 6434 6547 6660 6662 6775 6888 7001
7002 7115 7228 7341 7454 7567 7680 7793 7906 8019 8132 8245 8358 8471 8584 8697 8810 8923 9036 9149 9262 9375 9488 9601 9714 9827 9940 10053 10166 10279 10392 10505 10618 10731 10844 10957 11070 11183 11296 11409 11522 11635 11748 11861 11974 12087 12200 12313 105 218 331 444 446 559 672 785 898 1011 1124 1237 1350 1463 1576 1689 1802 1915 2028 2141 2254 2367 2480 2593 2706 2819 2932 3045 3158 3271 3384 3497 3610 3723 3836 3949 4062 4175 4288 4401 4514 4627 4740 4853 4966 5079 5192 5305 5418 5531 5644 5757 5870 5983 6096 6209 6322 6435 6548 6550 6663 6776 6889
6890 7003 7116 7229 7342 7455 7568 7681 7794 7907 8020 8133 8246 8359 8472 8585 8698 8811 8924 9037 9150 9263 9376 9489 9602 9715 9828 9941 10054 10167 10280 10393 10506 10619 10732 10845 10958 11071 11184 11297 11410 11523 11636 11749 11862 11975 12088 12201 12314 106 219 332 334 447 560 673 786 899 1012 1125 1238 1351 1464 1577 1690 1803 1916 2029 2142 2255 2368 2481 2594 2707 2820 2933 3046 3159 3272 3385 3498 3611 3724 3837 3950 4063 4176 4289 4402 4515 4628 4741 4854 4967 5080 5193 5306 5419 5532 5645 5758 5871 5984 6097 6210 6323 6436 6549 6551 6664 6777
6778 6891 7004 7117 7230 7343 7456 7569 7682 7795 7908 801 8134 8247 8360 8473 8586 8699 8812 8925 9038 9151 9264 9377 9490 9603 9716 9829 9942 10055 10168 10281 10394 10507 10620 10733 10846 10959 11072 11185 11298 11411 11524 11637 11750 11863 11976 12089 12202 12315 107 220 333 335 448 561 674 787 900 1013 1126 1239 1352 1465 1578 1691 1804 1917 2030 2143 2256 2369 2482 2595 2708 2821 2934 3047 3160 3273 3386 3499 3612 3725 3838 3951 4064 4177 4290 4403 4516 4629 4742 4855 4968 5081 5194 5307 5420 5533 5646 5759 5872 5985 6098 6211 6324 6437 6439 6552 6665
6666 6779 6892 7005 7118 7231 7344 7457 7570 7683 7796 7909 8022 8135 8248 8361 8474 8587 8700 8813 8926 9039 9152 9265 9378 9491 9604 9717 9830 9943 10056 10169 10282 10395 10508 10621 10734 10847 10960 11073 11186 11299 11412 11525 11638 11751 11864 11977 12090 12203 12316 108 221 223 336 449 562 675 788 901 1014 1127 1240 1353 1466 1579 1692 1805 1918 2031 2144 2257 2370 2483 2596 2709 2822 2935 3048 3161 3274 3387 3500 3613 3726 3839 3952 4065 4178 4291 4404 4517 4630 4743 4856 4969 5082 5195 5308 5421 5534 5647 5760 5873 5986 6099 6212 6325 638 6440 6553
6554 6667 6780 6893 7006 7119 7232 7345 7458 7571 7684 7797 7910 8023 8136 8249 8362 8475 8588 8701 8814 8927 9040 9153 9266 9379 9492 9605 9718 9831 9944 10057 10170 10283 10396 10509 10622 10735 10848 10961 11074 11187 11300 11413 11526 11639 11752 11865 11978 12091 12204 12317 109 222 224 337 450 563 676 789 902 1015 1128 1241 1354 1467 1580 1693 1806 1919 2032 2145 2258 2371 2484 2597 2710 2823 2936 3049 3162 3275 3388 3501 3614 3727 3840 3953 4066 4179 4292 4405 4518 4631 4744 4857 4970 5083 5196 5309 5422 5535 5648 5761 5874 5987 6100 6213 6326 6328 6441
6442 6555 6668 6781 6894 7007 7120 7233 7346 7459 7572 7685 7798 7911 8024 8137 8250 8363 8476 8589 8702 8815 8928 9041 9154 9267 9380 9493 9606 9719 9832 9945 10058 10171 10284 10397 10510 10623 10736 10849 10962 11075 11188 11301 11414 11527 11640 11753 11866 11979 12092 12205 12318 110 112 225 338 451 564 677 790 903 1016 1129 1242 1355 1468 1581 1694 1807 1920 2033 2146 2259 2372 2485 2598 2711 2824 2937 3050 3163 3276 3389 3502 3615 3728 3841 3954 4067 4180 4293 4406 4519 4632 4745 4858 4971 5084 5197 5310 5423 5536 5649 5762 5875 598 6101 6214 6327 6329
6330 6443 6556 6669 6782 6895 7008 7121 7234 7347 7460 7573 7686 7799 7912 8025 8138 8251 8364 8477 8590 8703 8816 8929 9042 9155 9268 9381 9494 9607 9720 9833 9946 10059 10172 10285 10398 10511 10624 10737 10850 10963 11076 11189 11302 11415 11528 11641 11754 11867 11980 12093 12206 12319 111 113 226 339 452 565 678 791 904 1017 1130 1243 1356 1469 1582 1695 1808 1921 2034 2147 2260 2373 2486 2599 2712 2825 2938 3051 3164 3277 3390 3503 3616 3729 3842 3955 4068 4181 4294 4407 4520 4633 4746 4859 4972 5085 5198 311 5424 5537 5650 5763 5876 5989 6102 6215 6217
6218 6331 6444 6557 6670 6783 6896 7009 7122 7235 7348 7461 7574 7687 7800 7913 8026 8139 8252 8365 8478 8591 8704 8817 8930 9043 9156 9269 9382 9495 9608 9721 9834 9947 10060 10173 10286 10399 10512 10625 10738 10851 10964 11077 11190 11303 11416 11529 11642 11755 11868 11981 12094 12207 12320 1 114 227 340 453 566 679 792 905 1018 1131 1244 1357 1470 1583 1696 1809 1922 2035 2148 2261 2374 2487 2600 2713 2826 2939 3052 3165 3278 3391 3504 3617 3730 3843 3956 4069 4182 4295 4408 4521 4634 4747 4860 4973 5086 5199 5312 5425 5538 5651 5764 5877 5990 6103 6216
