113
6329 6444 6559 6674 6789 6904 7019 7134 7249 7364 7479 7594 7709 7824 7939 8054 8169 8284 8399 8514 8629 8744 8859 8974 9089 9204 9319 9434 9549 9664 9779 9894 10009 10124 10239 10354 10469 10584 10699 10814 10929 11044 11159 11274 11389 11504 11619 11734 11849 11964 12079 12194 12309 12424 12539 12654 12769 2 117 232 347 462 577 692 807 922 1037 1152 1267 1382 1497 1612 1727 1842 1957 2072 2187 2302 2417 2532 2647 2762 2877 2992 3107 3222 3337 3452 3567 3682 3797 3912 4027 4142 4257 4372 4487 4602 4717 4832 4947 5062 5177 5292 5407 5522 5637 5752 5867 5982 6097 6212 6327
6328 6330 6445 6560 6675 6790 6905 7020 7135 7250 7365 7480 7595 7710 7825 7940 8055 8170 8285 8400 8515 8630 8745 8860 8975 9090 9205 9320 9435 9550 9665 9780 9895 10010 10125 10240 10355 10470 10585 10700 10815 10930 11045 11160 11275 11390 11505 11620 11735 11850 11965 12080 12195 12310 12425 12540 12655 12657 3 118 233 348 463 578 693 808 923 1038 1153 1268 1383 1498 1613 1728 1843 1958 2073 2188 2303 2418 2533 2648 2763 2878 2993 3108 3223 3338 3453 3568 3683 3798 3913 4028 4143 4258 4373 4488 4603 4718 4833 4948 5063 5178 5293 5408 5523 5638 5753 5868 5983 6098 6213
6214 6216 6331 6446 6561 6676 6791 6906 7021 7136 7251 7366 7481 7596 7711 7826 7941 8056 8171 8286 8401 8516 8631 8746 8861 8976 9091 9206 9321 9436 9551 9666 9781 9896 10011 10126 10241 10356 10471 10586 10701 10816 10931 11046 11161 11276 11391 11506 11621 11736 11851 11966 12081 12196 12311 12426 12541 12656 12658 4 119 234 349 464 579 694 809 924 1039 1154 1269 1384 1499 1614 1729 1844 1959 2074 2189 2304 2419 2534 2649 2764 2879 2994 3109 3224 3339 3454 3569 3684 3799 3914 4029 4144 4259 4374 4489 4604 4719 4834 4949 5064 5179 5294 5409 5524 5639 5754 5869 5984 6099
6100 6215 6217 6332 6447 6562 6677 6792 6907 7022 7137 7252 7367 7482 7597 7712 7827 7942 8057 8172 8287 8402 8517 8632 8747 8862 8977 9092 9207 9322 9437 9552 9667 9782 9897 10012 10127 10242 10357 10472 10587 10702 10817 10932 11047 11162 11277 11392 11507 11622 11737 11852 11967 12082 12197 12312 12427 12542 12544 12659 5 120 235 350 465 580 695 810 925 1040 1155 1270 1385 1500 1615 1730 1845 1960 2075 2190 2305 2420 2535 2650 2765 2880 2995 3110 3225 3340 3455 3570 3685 3800 3915 4030 4145 4260 4375 4490 4605 4720 4835 4950 5065 5180 5295 5410 5525 5640 5755 5870 5985
5986 6101 6103 6218 6333 6448 6563 6678 6793 6908 7023 7138 7253 7368 7483 7598 7713 7828 7943 8058 8173 8288 8403 8518 8633 8748 8863 8978 9093 9208 9323 9438 9553 9668 9783 9898 10013 10128 10243 10358 10473 10588 10703 10818 10933 11048 11163 11278 11393 11508 11623 11738 11853 11968 12083 12198 12313 12428 12543 12545 12660 6 121 236 351 466 581 696 811 926 1041 1156 1271 1386 1501 1616 1731 1846 1961 2076 2191 2306 2421 2536 2651 2766 2881 2996 3111 3226 3341 3456 3571 3686 3801 3916 4031 4146 4261 4376 4491 4606 4721 4836 4951 5066 5181 5296 5411 5526 5641 5756 5871
5872 5987 6102 6104 6219 6334 6449 6564 6679 6794 6909 7024 7139 7254 7369 7484 7599 7714 7829 7944 8059 8174 8289 8404 8519 8634 8749 8864 8979 9094 9209 9324 9439 9554 9669 9784 9899 10014 10129 10244 10359 10474 10589 10704 10819 10934 11049 11164 11279 11394 11509 11624 11739 11854 11969 12084 12199 12314 12429 12431 12546 12661 7 122 237 352 467 582 697 812 927 1042 1157 1272 1387 1502 1617 1732 1847 1962 2077 2192 2307 2422 2537 2652 2767 2882 2997 3112 3227 3342 3457 3572 3687 3802 3917 4032 4147 4262 4377 4492 4607 4722 4837 4952 5067 5182 5297 5412 5527 5642 5757
5758 5873 5988 5990 6105 6220 6335 6450 6565 6680 6795 6910 7025 7140 7255 7370 7485 7600 7715 7830 7945 8060 8175 8290 8405 8520 8635 8750 8865 8980 9095 9210 9325 9440 9555 9670 9785 9900 10015 10130 10245 10360 10475 10590 10705 10820 10935 11050 11165 11280 11395 11510 11625 11740 11855 11970 12085 12200 12315 12430 12432 12547 12662 8 123 238 353 468 583 698 813 928 1043 1158 1273 1388 1503 1618 1733 1848 1963 2078 2193 2308 2423 2538 2653 2768 2883 2998 3113 3228 3343 3458 3573 3688 3803 3918 4033 4148 4263 4378 4493 4608 4723 4838 4953 5068 5183 5298 5413 5528 5643
5644 5759 5874 5989 5991 6106 6221 6336 6451 6566 6681 6796 6911 7026 7141 7256 7371 7486 7601 7716 7831 7946 8061 8176 8291 8406 8521 8636 8751 8866 8981 9096 9211 9326 9441 9556 9671 9786 9901 10016 10131 10246 10361 10476 10591 10706 10821 10936 11051 11166 11281 11396 11511 11626 11741 11856 11971 12086 12201 12316 12318 12433 12548 12663 9 124 239 354 469 584 699 814 929 1044 1159 1274 1389 1504 1619 1734 1849 1964 2079 2194 2309 2424 2539 2654 2769 2884 2999 3114 3229 3344 3459 3574 3689 3804 3919 4034 4149 4264 4379 4494 4609 4724 4839 4954 5069 5184 5299 5414 5529
5530 5645 5760 5875 5877 5992 6107 6222 6337 6452 6567 6682 6797 6912 7027 7142 7257 7372 7487 7602 7717 7832 7947 8062 8177 8292 8407 8522 8637 8752 8867 8982 9097 9212 9327 9442 9557 9672 9787 9902 10017 10132 10247 10362 10477 10592 10707 10822 10937 11052 11167 11282 11397 11512 11627 11742 11857 11972 12087 12202 12317 12319 12434 12549 12664 10 125 240 355 470 585 700 815 930 1045 1160 1275 1390 1505 1620 1735 1850 1965 2080 2195 2310 2425 2540 2655 2770 2885 3000 3115 3230 3345 3460 3575 3690 3805 3920 4035 4150 4265 4380 4495 4610 4725 4840 4955 5070 5185 5300 5415
5416 5531 5646 5761 5876 5878 5993 6108 6223 6338 6453 6568 6683 6798 6913 7028 7143 7258 7373 7488 7603 7718 7833 7948 8063 8178 8293 8408 8523 8638 8753 8868 8983 9098 9213 9328 9443 9558 9673 9788 9903 10018 10133 10248 10363 10478 10593 10708 10823 10938 11053 11168 11283 11398 11513 11628 11743 11858 11973 12088 12203 12205 12320 12435 12550 12665 11 126 241 356 471 586 701 816 931 1046 1161 1276 1391 1506 1621 1736 1851 1966 2081 2196 2311 2426 2541 2656 2771 2886 3001 3116 3231 3346 3461 3576 3691 3806 3921 4036 4151 4266 4381 4496 4611 4726 4841 4956 5071 5186 5301
5302 5417 5532 5647 5762 5764 5879 5994 6109 6224 6339 6454 6569 6684 6799 6914 7029 7144 7259 7374 7489 7604 7719 7834 7949 8064 8179 8294 8409 8524 8639 8754 8869 8984 9099 9214 9329 9444 9559 9674 9789 9904 10019 10134 10249 10364 10479 10594 10709 10824 10939 11054 11169 11284 11399 11514 11629 11744 11859 11974 12089 12204 12206 12321 12436 12551 12666 12 127 242 357 472 587 702 817 932 1047 1162 1277 1392 1507 1622 1737 1852 1967 2082 2197 2312 2427 2542 2657 2772 2887 3002 3117 3232 3347 3462 3577 3692 3807 3922 4037 4152 4267 4382 4497 4612 4727 4842 4957 5072 5187
5188 5303 5418 5533 5648 5763 5765 5880 5995 6110 6225 6340 6455 6570 6685 6800 6915 7030 7145 7260 7375 7490 7605 7720 7835 7950 8065 8180 8295 8410 8525 8640 8755 8870 8985 9100 9215 9330 9445 9560 9675 9790 9905 10020 10135 10250 10365 10480 10595 10710 10825 10940 11055 11170 11285 11400 11515 11630 11745 11860 11975 12090 12092 12207 12322 12437 12552 12667 13 128 243 358 473 588 703 818 933 1048 1163 1278 1393 1508 1623 1738 1853 1968 2083 2198 2313 2428 2543 2658 2773 2888 3003 3118 3233 3348 3463 3578 3693 3808 3923 4038 4153 4268 4383 4498 4613 4728 4843 4958 5073
5074 5189 5304 5419 5534 5649 5651 5766 5881 5996 6111 6226 6341 6456 6571 6686 6801 6916 7031 7146 7261 7376 7491 7606 7721 7836 7951 8066 8181 8296 8411 8526 8641 8756 8871 8986 9101 9216 9331 9446 9561 9676 9791 9906 10021 10136 10251 10366 10481 10596 10711 10826 10941 11056 11171 11286 11401 11516 11631 11746 11861 11976 12091 12093 12208 12323 12438 12553 12668 14 129 244 359 474 589 704 819 934 1049 1164 1279 1394 1509 1624 1739 1854 1969 2084 2199 2314 2429 2544 2659 2774 2889 3004 3119 3234 3349 3464 3579 3694 3809 3924 4039 4154 4269 4384 4499 4614 4729 4844 4959
4960 5075 5190 5305 5420 5535 5650 5652 5767 5882 5997 6112 6227 6342 6457 6572 6687 6802 6917 7032 7147 7262 7377 7492 7607 7722 7837 7952 8067 8182 8297 8412 8527 8642 8757 8872 8987 9102 9217 9332 9447 9562 9677 9792 9907 10022 10137 10252 10367 10482 10597 10712 10827 10942 11057 11172 11287 11402 11517 11632 11747 11862 11977 11979 12094 12209 12324 12439 12554 12669 15 130 245 360 475 590 705 820 935 1050 1165 1280 1395 1510 1625 1740 1855 1970 2085 2200 2315 2430 2545 2660 2775 2890 3005 3120 3235 3350 3465 3580 3695 3810 3925 4040 4155 4270 4385 4500 4615 4730 4845
4846 4961 5076 5191 5306 5421 5536 5538 5653 5768 5883 5998 6113 6228 6343 6458 6573 6688 6803 6918 7033 7148 7263 7378 7493 7608 7723 7838 7953 8068 8183 8298 8413 8528 8643 8758 8873 8988 9103 9218 9333 9448 9563 9678 9793 9908 10023 10138 10253 10368 10483 10598 10713 10828 10943 11058 11173 11288 11403 11518 11633 11748 11863 11978 11980 12095 12210 12325 12440 12555 12670 16 131 246 361 476 591 706 821 936 1051 1166 1281 1396 1511 1626 1741 1856 1971 2086 2201 2316 2431 2546 2661 2776 2891 3006 3121 3236 3351 3466 3581 3696 3811 3926 4041 4156 4271 4386 4501 4616 4731
4732 4847 4962 5077 5192 5307 5422 5537 5539 5654 5769 5884 5999 6114 6229 6344 6459 6574 6689 6804 6919 7034 7149 7264 7379 7494 7609 7724 7839 7954 8069 8184 8299 8414 8529 8644 8759 8874 8989 9104 9219 9334 9449 9564 9679 9794 9909 10024 10139 10254 10369 10484 10599 10714 10829 10944 11059 11174 11289 11404 11519 11634 11749 11864 11866 11981 12096 12211 12326 12441 12556 12671 17 132 247 362 477 592 707 822 937 1052 1167 1282 1397 1512 1627 1742 1857 1972 2087 2202 2317 2432 2547 2662 2777 2892 3007 3122 3237 3352 3467 3582 3697 3812 3927 4042 4157 4272 4387 4502 4617
4618 4733 4848 4963 5078 5193 5308 5423 5425 5540 5655 5770 5885 6000 6115 6230 6345 6460 6575 6690 6805 6920 7035 7150 7265 7380 7495 7610 7725 7840 7955 8070 8185 8300 8415 8530 8645 8760 8875 8990 9105 9220 9335 9450 9565 9680 9795 9910 10025 10140 10255 10370 10485 10600 10715 10830 10945 11060 11175 11290 11405 11520 11635 11750 11865 11867 11982 12097 12212 12327 12442 12557 12672 18 133 248 363 478 593 708 823 938 1053 1168 1283 1398 1513 1628 1743 1858 1973 2088 2203 2318 2433 2548 2663 2778 2893 3008 3123 3238 3353 3468 3583 3698 3813 3928 4043 4158 4273 4388 4503
4504 4619 4734 4849 4964 5079 5194 5309 5424 5426 5541 5656 5771 5886 6001 6116 6231 6346 6461 6576 6691 6806 6921 7036 7151 7266 7381 7496 7611 7726 7841 7956 8071 8186 8301 8416 8531 8646 8761 8876 8991 9106 9221 9336 9451 9566 9681 9796 9911 10026 10141 10256 10371 10486 10601 10716 10831 10946 11061 11176 11291 11406 11521 11636 11751 11753 11868 11983 12098 12213 12328 12443 12558 12673 19 134 249 364 479 594 709 824 939 1054 1169 1284 1399 1514 1629 1744 1859 1974 2089 2204 2319 2434 2549 2664 2779 2894 3009 3124 3239 3354 3469 3584 3699 3814 3929 4044 4159 4274 4389
4390 4505 4620 4735 4850 4965 5080 5195 5310 5312 5427 5542 5657 5772 5887 6002 6117 6232 6347 6462 6577 6692 6807 6922 7037 7152 7267 7382 7497 7612 7727 7842 7957 8072 8187 8302 8417 8532 8647 8762 8877 8992 9107 9222 9337 9452 9567 9682 9797 9912 10027 10142 10257 10372 10487 10602 10717 10832 10947 11062 11177 11292 11407 11522 11637 11752 11754 11869 11984 12099 12214 12329 12444 12559 12674 20 135 250 365 480 595 710 825 940 1055 1170 1285 1400 1515 1630 1745 1860 1975 2090 2205 2320 2435 2550 2665 2780 2895 3010 3125 3240 3355 3470 3585 3700 3815 3930 4045 4160 4275
4276 4391 4506 4621 4736 4851 4966 5081 5196 5311 5313 5428 5543 5658 5773 5888 6003 6118 6233 6348 6463 6578 6693 6808 6923 7038 7153 7268 7383 7498 7613 7728 7843 7958 8073 8188 8303 8418 8533 8648 8763 8878 8993 9108 9223 9338 9453 9568 9683 9798 9913 10028 10143 10258 10373 10488 10603 10718 10833 10948 11063 11178 11293 11408 11523 11638 11640 11755 11870 11985 12100 12215 12330 12445 12560 12675 21 136 251 366 481 596 711 826 941 1056 1171 1286 1401 1516 1631 1746 1861 1976 2091 2206 2321 2436 2551 2666 2781 2896 3011 3126 3241 3356 3471 3586 3701 3816 3931 4046 4161
4162 4277 4392 4507 4622 4737 4852 4967 5082 5197 5199 5314 5429 5544 5659 5774 5889 6004 6119 6234 6349 6464 6579 6694 6809 6924 7039 7154 7269 7384 7499 7614 7729 7844 7959 8074 8189 8304 8419 8534 8649 8764 8879 8994 9109 9224 9339 9454 9569 9684 9799 9914 10029 10144 10259 10374 10489 10604 10719 10834 10949 11064 11179 11294 11409 11524 11639 11641 11756 11871 11986 12101 12216 12331 12446 12561 12676 22 137 252 367 482 597 712 827 942 1057 1172 1287 1402 1517 1632 1747 1862 1977 2092 2207 2322 2437 2552 2667 2782 2897 3012 3127 3242 3357 3472 3587 3702 3817 3932 4047
4048 4163 4278 4393 4508 4623 4738 4853 4968 5083 5198 5200 5315 5430 5545 5660 5775 5890 6005 6120 6235 6350 6465 6580 6695 6810 6925 7040 7155 7270 7385 7500 7615 7730 7845 7960 8075 8190 8305 8420 8535 8650 8765 8880 8995 9110 9225 9340 9455 9570 9685 9800 9915 10030 10145 10260 10375 10490 10605 10720 10835 10950 11065 11180 11295 11410 11525 11527 11642 11757 11872 11987 12102 12217 12332 12447 12562 12677 23 138 253 368 483 598 713 828 943 1058 1173 1288 1403 1518 1633 1748 1863 1978 2093 2208 2323 2438 2553 2668 2783 2898 3013 3128 3243 3358 3473 3588 3703 3818 3933
3934 4049 4164 4279 4394 4509 4624 4739 4854 4969 5084 5086 5201 5316 5431 5546 5661 5776 5891 6006 6121 6236 6351 6466 6581 6696 6811 6926 7041 7156 7271 7386 7501 7616 7731 7846 7961 8076 8191 8306 8421 8536 8651 8766 8881 8996 9111 9226 9341 9456 9571 9686 9801 9916 10031 10146 10261 10376 10491 10606 10721 10836 10951 11066 11181 11296 11411 11526 11528 11643 11758 11873 11988 12103 12218 12333 12448 12563 12678 24 139 254 369 484 599 714 829 944 1059 1174 1289 1404 1519 1634 1749 1864 1979 2094 2209 2324 2439 2554 2669 2784 2899 3014 3129 3244 3359 3474 3589 3704 3819
3820 3935 4050 4165 4280 4395 4510 4625 4740 4855 4970 5085 5087 5202 5317 5432 5547 5662 5777 5892 6007 6122 6237 6352 6467 6582 6697 6812 6927 7042 7157 7272 7387 7502 7617 7732 7847 7962 8077 8192 8307 8422 8537 8652 8767 8882 8997 9112 9227 9342 9457 9572 9687 9802 9917 10032 10147 10262 10377 10492 10607 10722 10837 10952 11067 11182 11297 11412 11414 11529 11644 11759 11874 11989 12104 12219 12334 12449 12564 12679 25 140 255 370 485 600 715 830 945 1060 1175 1290 1405 1520 1635 1750 1865 1980 2095 2210 2325 2440 2555 2670 2785 2900 3015 3130 3245 3360 3475 3590 3705
3706 3821 3936 4051 4166 4281 4396 4511 4626 4741 4856 4971 4973 5088 5203 5318 5433 5548 5663 5778 5893 6008 6123 6238 6353 6468 6583 6698 6813 6928 7043 7158 7273 7388 7503 7618 7733 7848 7963 8078 8193 8308 8423 8538 8653 8768 8883 8998 9113 9228 9343 9458 9573 9688 9803 9918 10033 10148 10263 10378 10493 10608 10723 10838 10953 11068 11183 11298 11413 11415 11530 11645 11760 11875 11990 12105 12220 12335 12450 12565 12680 26 141 256 371 486 601 716 831 946 1061 1176 1291 1406 1521 1636 1751 1866 1981 2096 2211 2326 2441 2556 2671 2786 2901 3016 3131 3246 3361 3476 3591
3592 3707 3822 3937 4052 4167 4282 4397 4512 4627 4742 4857 4972 4974 5089 5204 5319 5434 5549 5664 5779 5894 6009 6124 6239 6354 6469 6584 6699 6814 6929 7044 7159 7274 7389 7504 7619 7734 7849 7964 8079 8194 8309 8424 8539 8654 8769 8884 8999 9114 9229 9344 9459 9574 9689 9804 9919 10034 10149 10264 10379 10494 10609 10724 10839 10954 11069 11184 11299 11301 11416 11531 11646 11761 11876 11991 12106 12221 12336 12451 12566 12681 27 142 257 372 487 602 717 832 947 1062 1177 1292 1407 1522 1637 1752 1867 1982 2097 2212 2327 2442 2557 2672 2787 2902 3017 3132 3247 3362 3477
3478 3593 3708 3823 3938 4053 4168 4283 4398 4513 4628 4743 4858 4860 4975 5090 5205 5320 5435 5550 5665 5780 5895 6010 6125 6240 6355 6470 6585 6700 6815 6930 7045 7160 7275 7390 7505 7620 7735 7850 7965 8080 8195 8310 8425 8540 8655 8770 8885 9000 9115 9230 9345 9460 9575 9690 9805 9920 10035 10150 10265 10380 10495 10610 10725 10840 10955 11070 11185 11300 11302 11417 11532 11647 11762 11877 11992 12107 12222 12337 12452 12567 12682 28 143 258 373 488 603 718 833 948 1063 1178 1293 1408 1523 1638 1753 1868 1983 2098 2213 2328 2443 2558 2673 2788 2903 3018 3133 3248 3363
3364 3479 3594 3709 3824 3939 4054 4169 4284 4399 4514 4629 4744 4859 4861 4976 5091 5206 5321 5436 5551 5666 5781 5896 6011 6126 6241 6356 6471 6586 6701 6816 6931 7046 7161 7276 7391 7506 7621 7736 7851 7966 8081 8196 8311 8426 8541 8656 8771 8886 9001 9116 9231 9346 9461 9576 9691 9806 9921 10036 10151 10266 10381 10496 10611 10726 10841 10956 11071 11186 11188 11303 11418 11533 11648 11763 11878 11993 12108 12223 12338 12453 12568 12683 29 144 259 374 489 604 719 834 949 1064 1179 1294 1409 1524 1639 1754 1869 1984 2099 2214 2329 2444 2559 2674 2789 2904 3019 3134 3249
3250 3365 3480 3595 3710 3825 3940 4055 4170 4285 4400 4515 4630 4745 4747 4862 4977 5092 5207 5322 5437 5552 5667 5782 5897 6012 6127 6242 6357 6472 6587 6702 6817 6932 7047 7162 7277 7392 7507 7622 7737 7852 7967 8082 8197 8312 8427 8542 8657 8772 8887 9002 9117 9232 9347 9462 9577 9692 9807 9922 10037 10152 10267 10382 10497 10612 10727 10842 10957 11072 11187 11189 11304 11419 11534 11649 11764 11879 11994 12109 12224 12339 12454 12569 12684 30 145 260 375 490 605 720 835 950 1065 1180 1295 1410 1525 1640 1755 1870 1985 2100 2215 2330 2445 2560 2675 2790 2905 3020 3135
3136 3251 3366 3481 3596 3711 3826 3941 4056 4171 4286 4401 4516 4631 4746 4748 4863 4978 5093 5208 5323 5438 5553 5668 5783 5898 6013 6128 6243 6358 6473 6588 6703 6818 6933 7048 7163 7278 7393 7508 7623 7738 7853 7968 8083 8198 8313 8428 8543 8658 8773 8888 9003 9118 9233 9348 9463 9578 9693 9808 9923 10038 10153 10268 10383 10498 10613 10728 10843 10958 11073 11075 11190 11305 11420 11535 11650 11765 11880 11995 12110 12225 12340 12455 12570 12685 31 146 261 376 491 606 721 836 951 1066 1181 1296 1411 1526 1641 1756 1871 1986 2101 2216 2331 2446 2561 2676 2791 2906 3021
3022 3137 3252 3367 3482 3597 3712 3827 3942 4057 4172 4287 4402 4517 4632 4634 4749 4864 4979 5094 5209 5324 5439 5554 5669 5784 5899 6014 6129 6244 6359 6474 6589 6704 6819 6934 7049 7164 7279 7394 7509 7624 7739 7854 7969 8084 8199 8314 8429 8544 8659 8774 8889 9004 9119 9234 9349 9464 9579 9694 9809 9924 10039 10154 10269 10384 10499 10614 10729 10844 10959 11074 11076 11191 11306 11421 11536 11651 11766 11881 11996 12111 12226 12341 12456 12571 12686 32 147 262 377 492 607 722 837 952 1067 1182 1297 1412 1527 1642 1757 1872 1987 2102 2217 2332 2447 2562 2677 2792 2907
2908 3023 3138 3253 3368 3483 3598 3713 3828 3943 4058 4173 4288 4403 4518 4633 4635 4750 4865 4980 5095 5210 5325 5440 5555 5670 5785 5900 6015 6130 6245 6360 6475 6590 6705 6820 6935 7050 7165 7280 7395 7510 7625 7740 7855 7970 8085 8200 8315 8430 8545 8660 8775 8890 9005 9120 9235 9350 9465 9580 9695 9810 9925 10040 10155 10270 10385 10500 10615 10730 10845 10960 10962 11077 11192 11307 11422 11537 11652 11767 11882 11997 12112 12227 12342 12457 12572 12687 33 148 263 378 493 608 723 838 953 1068 1183 1298 1413 1528 1643 1758 1873 1988 2103 2218 2333 2448 2563 2678 2793
2794 2909 3024 3139 3254 3369 3484 3599 3714 3829 3944 4059 4174 4289 4404 4519 4521 4636 4751 4866 4981 5096 5211 5326 5441 5556 5671 5786 5901 6016 6131 6246 6361 6476 6591 6706 6821 6936 7051 7166 7281 7396 7511 7626 7741 7856 7971 8086 8201 8316 8431 8546 8661 8776 8891 9006 9121 9236 9351 9466 9581 9696 9811 9926 10041 10156 10271 10386 10501 10616 10731 10846 10961 10963 11078 11193 11308 11423 11538 11653 11768 11883 11998 12113 12228 12343 12458 12573 12688 34 149 264 379 494 609 724 839 954 1069 1184 1299 1414 1529 1644 1759 1874 1989 2104 2219 2334 2449 2564 2679
2680 2795 2910 3025 3140 3255 3370 3485 3600 3715 3830 3945 4060 4175 4290 4405 4520 4522 4637 4752 4867 4982 5097 5212 5327 5442 5557 5672 5787 5902 6017 6132 6247 6362 6477 6592 6707 6822 6937 7052 7167 7282 7397 7512 7627 7742 7857 7972 8087 8202 8317 8432 8547 8662 8777 8892 9007 9122 9237 9352 9467 9582 9697 9812 9927 10042 10157 10272 10387 10502 10617 10732 10847 10849 10964 11079 11194 11309 11424 11539 11654 11769 11884 11999 12114 12229 12344 12459 12574 12689 35 150 265 380 495 610 725 840 955 1070 1185 1300 1415 1530 1645 1760 1875 1990 2105 2220 2335 2450 2565
2566 2681 2796 2911 3026 3141 3256 3371 3486 3601 3716 3831 3946 4061 4176 4291 4406 4408 4523 4638 4753 4868 4983 5098 5213 5328 5443 5558 5673 5788 5903 6018 6133 6248 6363 6478 6593 6708 6823 6938 7053 7168 7283 7398 7513 7628 7743 7858 7973 8088 8203 8318 8433 8548 8663 8778 8893 9008 9123 9238 9353 9468 9583 9698 9813 9928 10043 10158 10273 10388 10503 10618 10733 10848 10850 10965 11080 11195 11310 11425 11540 11655 11770 11885 12000 12115 12230 12345 12460 12575 12690 36 151 266 381 496 611 726 841 956 1071 1186 1301 1416 1531 1646 1761 1876 1991 2106 2221 2336 2451
2452 2567 2682 2797 2912 3027 3142 3257 3372 3487 3602 3717 3832 3947 4062 4177 4292 4407 4409 4524 4639 4754 4869 4984 5099 5214 5329 5444 5559 5674 5789 5904 6019 6134 6249 6364 6479 6594 6709 6824 6939 7054 7169 7284 7399 7514 7629 7744 7859 7974 8089 8204 8319 8434 8549 8664 8779 8894 9009 9124 9239 9354 9469 9584 9699 9814 9929 10044 10159 10274 10389 10504 10619 10734 10736 10851 10966 11081 11196 11311 11426 11541 11656 11771 11886 12001 12116 12231 12346 12461 12576 12691 37 152 267 382 497 612 727 842 957 1072 1187 1302 1417 1532 1647 1762 1877 1992 2107 2222 2337
2338 2453 2568 2683 2798 2913 3028 3143 3258 3373 3488 3603 3718 3833 3948 4063 4178 4293 4295 4410 4525 4640 4755 4870 4985 5100 5215 5330 5445 5560 5675 5790 5905 6020 6135 6250 6365 6480 6595 6710 6825 6940 7055 7170 7285 7400 7515 7630 7745 7860 7975 8090 8205 8320 8435 8550 8665 8780 8895 9010 9125 9240 9355 9470 9585 9700 9815 9930 10045 10160 10275 10390 10505 10620 10735 10737 10852 10967 11082 11197 11312 11427 11542 11657 11772 11887 12002 12117 12232 12347 12462 12577 12692 38 153 268 383 498 613 728 843 958 1073 1188 1303 1418 1533 1648 1763 1878 1993 2108 2223
2224 2339 2454 2569 2684 2799 2914 3029 3144 3259 3374 3489 3604 3719 3834 3949 4064 4179 4294 4296 4411 4526 4641 4756 4871 4986 5101 5216 5331 5446 5561 5676 5791 5906 6021 6136 6251 6366 6481 6596 6711 6826 6941 7056 7171 7286 7401 7516 7631 7746 7861 7976 8091 8206 8321 8436 8551 8666 8781 8896 9011 9126 9241 9356 9471 9586 9701 9816 9931 10046 10161 10276 10391 10506 10621 10623 10738 10853 10968 11083 11198 11313 11428 11543 11658 11773 11888 12003 12118 12233 12348 12463 12578 12693 39 154 269 384 499 614 729 844 959 1074 1189 1304 1419 1534 1649 1764 1879 1994 2109
2110 2225 2340 2455 2570 2685 2800 2915 3030 3145 3260 3375 3490 3605 3720 3835 3950 4065 4180 4182 4297 4412 4527 4642 4757 4872 4987 5102 5217 5332 5447 5562 5677 5792 5907 6022 6137 6252 6367 6482 6597 6712 6827 6942 7057 7172 7287 7402 7517 7632 7747 7862 7977 8092 8207 8322 8437 8552 8667 8782 8897 9012 9127 9242 9357 9472 9587 9702 9817 9932 10047 10162 10277 10392 10507 10622 10624 10739 10854 10969 11084 11199 11314 11429 11544 11659 11774 11889 12004 12119 12234 12349 12464 12579 12694 40 155 270 385 500 615 730 845 960 1075 1190 1305 1420 1535 1650 1765 1880 1995
1996 2111 2226 2341 2456 2571 2686 2801 2916 3031 3146 3261 3376 3491 3606 3721 3836 3951 4066 4181 4183 4298 4413 4528 4643 4758 4873 4988 5103 5218 5333 5448 5563 5678 5793 5908 6023 6138 6253 6368 6483 6598 6713 6828 6943 7058 7173 7288 7403 7518 7633 7748 7863 7978 8093 8208 8323 8438 8553 8668 8783 8898 9013 9128 9243 9358 9473 9588 9703 9818 9933 10048 10163 10278 10393 10508 10510 10625 10740 10855 10970 11085 11200 11315 11430 11545 11660 11775 11890 12005 12120 12235 12350 12465 12580 12695 41 156 271 386 501 616 731 846 961 1076 1191 1306 1421 1536 1651 1766 1881
1882 1997 2112 2227 2342 2457 2572 2687 2802 2917 3032 3147 3262 3377 3492 3607 3722 3837 3952 4067 4069 4184 4299 4414 4529 4644 4759 4874 4989 5104 5219 5334 5449 5564 5679 5794 5909 6024 6139 6254 6369 6484 6599 6714 6829 6944 7059 7174 7289 7404 7519 7634 7749 7864 7979 8094 8209 8324 8439 8554 8669 8784 8899 9014 9129 9244 9359 9474 9589 9704 9819 9934 10049 10164 10279 10394 10509 10511 10626 10741 10856 10971 11086 11201 11316 11431 11546 11661 11776 11891 12006 12121 12236 12351 12466 12581 12696 42 157 272 387 502 617 732 847 962 1077 1192 1307 1422 1537 1652 1767
1768 1883 1998 2113 2228 2343 2458 2573 2688 2803 2918 3033 3148 3263 3378 3493 3608 3723 3838 3953 4068 4070 4185 4300 4415 4530 4645 4760 4875 4990 5105 5220 5335 5450 5565 5680 5795 5910 6025 6140 6255 6370 6485 6600 6715 6830 6945 7060 7175 7290 7405 7520 7635 7750 7865 7980 8095 8210 8325 8440 8555 8670 8785 8900 9015 9130 9245 9360 9475 9590 9705 9820 9935 10050 10165 10280 10395 10397 10512 10627 10742 10857 10972 11087 11202 11317 11432 11547 11662 11777 11892 12007 12122 12237 12352 12467 12582 12697 43 158 273 388 503 618 733 848 963 1078 1193 1308 1423 1538 1653
1654 1769 1884 1999 2114 2229 2344 2459 2574 2689 2804 2919 3034 3149 3264 3379 3494 3609 3724 3839 3954 3956 4071 4186 4301 4416 4531 4646 4761 4876 4991 5106 5221 5336 5451 5566 5681 5796 5911 6026 6141 6256 6371 6486 6601 6716 6831 6946 7061 7176 7291 7406 7521 7636 7751 7866 7981 8096 8211 8326 8441 8556 8671 8786 8901 9016 9131 9246 9361 9476 9591 9706 9821 9936 10051 10166 10281 10396 10398 10513 10628 10743 10858 10973 11088 11203 11318 11433 11548 11663 11778 11893 12008 12123 12238 12353 12468 12583 12698 44 159 274 389 504 619 734 849 964 1079 1194 1309 1424 1539
1540 1655 1770 1885 2000 2115 2230 2345 2460 2575 2690 2805 2920 3035 3150 3265 3380 3495 3610 3725 3840 3955 3957 4072 4187 4302 4417 4532 4647 4762 4877 4992 5107 5222 5337 5452 5567 5682 5797 5912 6027 6142 6257 6372 6487 6602 6717 6832 6947 7062 7177 7292 7407 7522 7637 7752 7867 7982 8097 8212 8327 8442 8557 8672 8787 8902 9017 9132 9247 9362 9477 9592 9707 9822 9937 10052 10167 10282 10284 10399 10514 10629 10744 10859 10974 11089 11204 11319 11434 11549 11664 11779 11894 12009 12124 12239 12354 12469 12584 12699 45 160 275 390 505 620 735 850 965 1080 1195 1310 1425
1426 1541 1656 1771 1886 2001 2116 2231 2346 2461 2576 2691 2806 2921 3036 3151 3266 3381 3496 3611 3726 3841 3843 3958 4073 4188 4303 4418 4533 4648 4763 4878 4993 5108 5223 5338 5453 5568 5683 5798 5913 6028 6143 6258 6373 6488 6603 6718 6833 6948 7063 7178 7293 7408 7523 7638 7753 7868 7983 8098 8213 8328 8443 8558 8673 8788 8903 9018 9133 9248 9363 9478 9593 9708 9823 9938 10053 10168 10283 10285 10400 10515 10630 10745 10860 10975 11090 11205 11320 11435 11550 11665 11780 11895 12010 12125 12240 12355 12470 12585 12700 46 161 276 391 506 621 736 851 966 1081 1196 1311
1312 1427 1542 1657 1772 1887 2002 2117 2232 2347 2462 2577 2692 2807 2922 3037 3152 3267 3382 3497 3612 3727 3842 3844 3959 4074 4189 4304 4419 4534 4649 4764 4879 4994 5109 5224 5339 5454 5569 5684 5799 5914 6029 6144 6259 6374 6489 6604 6719 6834 6949 7064 7179 7294 7409 7524 7639 7754 7869 7984 8099 8214 8329 8444 8559 8674 8789 8904 9019 9134 9249 9364 9479 9594 9709 9824 9939 10054 10169 10171 10286 10401 10516 10631 10746 10861 10976 11091 11206 11321 11436 11551 11666 11781 11896 12011 12126 12241 12356 12471 12586 12701 47 162 277 392 507 622 737 852 967 1082 1197
1198 1313 1428 1543 1658 1773 1888 2003 2118 2233 2348 2463 2578 2693 2808 2923 3038 3153 3268 3383 3498 3613 3728 3730 3845 3960 4075 4190 4305 4420 4535 4650 4765 4880 4995 5110 5225 5340 5455 5570 5685 5800 5915 6030 6145 6260 6375 6490 6605 6720 6835 6950 7065 7180 7295 7410 7525 7640 7755 7870 7985 8100 8215 8330 8445 8560 8675 8790 8905 9020 9135 9250 9365 9480 9595 9710 9825 9940 10055 10170 10172 10287 10402 10517 10632 10747 10862 10977 11092 11207 11322 11437 11552 11667 11782 11897 12012 12127 12242 12357 12472 12587 12702 48 163 278 393 508 623 738 853 968 1083
1084 1199 1314 1429 1544 1659 1774 1889 2004 2119 2234 2349 2464 2579 2694 2809 2924 3039 3154 3269 3384 3499 3614 3729 3731 3846 3961 4076 4191 4306 4421 4536 4651 4766 4881 4996 5111 5226 5341 5456 5571 5686 5801 5916 6031 6146 6261 6376 6491 6606 6721 6836 6951 7066 7181 7296 7411 7526 7641 7756 7871 7986 8101 8216 8331 8446 8561 8676 8791 8906 9021 9136 9251 9366 9481 9596 9711 9826 9941 10056 10058 10173 10288 10403 10518 10633 10748 10863 10978 11093 11208 11323 11438 11553 11668 11783 11898 12013 12128 12243 12358 12473 12588 12703 49 164 279 394 509 624 739 854 969
970 1085 1200 1315 1430 1545 1660 1775 1890 2005 2120 2235 2350 2465 2580 2695 2810 2925 3040 3155 3270 3385 3500 3615 3617 3732 3847 3962 4077 4192 4307 4422 4537 4652 4767 4882 4997 5112 5227 5342 5457 5572 5687 5802 5917 6032 6147 6262 6377 6492 6607 6722 6837 6952 7067 7182 7297 7412 7527 7642 7757 7872 7987 8102 8217 8332 8447 8562 8677 8792 8907 9022 9137 9252 9367 9482 9597 9712 9827 9942 10057 10059 10174 10289 10404 10519 10634 10749 10864 10979 11094 11209 11324 11439 11554 11669 11784 11899 12014 12129 12244 12359 12474 12589 12704 50 165 280 395 510 625 740 855
856 971 1086 1201 1316 1431 1546 1661 1776 1891 2006 2121 2236 2351 2466 2581 2696 2811 2926 3041 3156 3271 3386 3501 3616 3618 3733 3848 3963 4078 4193 4308 4423 4538 4653 4768 4883 4998 5113 5228 5343 5458 5573 5688 5803 5918 6033 6148 6263 6378 6493 6608 6723 6838 6953 7068 7183 7298 7413 7528 7643 7758 7873 7988 8103 8218 8333 8448 8563 8678 8793 8908 9023 9138 9253 9368 9483 9598 9713 9828 9943 9945 10060 10175 10290 10405 10520 10635 10750 10865 10980 11095 11210 11325 11440 11555 11670 11785 11900 12015 12130 12245 12360 12475 12590 12705 51 166 281 396 511 626 741
742 857 972 1087 1202 1317 1432 1547 1662 1777 1892 2007 2122 2237 2352 2467 2582 2697 2812 2927 3042 3157 3272 3387 3502 3504 3619 3734 3849 3964 4079 4194 4309 4424 4539 4654 4769 4884 4999 5114 5229 5344 5459 5574 5689 5804 5919 6034 6149 6264 6379 6494 6609 6724 6839 6954 7069 7184 7299 7414 7529 7644 7759 7874 7989 8104 8219 8334 8449 8564 8679 8794 8909 9024 9139 9254 9369 9484 9599 9714 9829 9944 9946 10061 10176 10291 10406 10521 10636 10751 10866 10981 11096 11211 11326 11441 11556 11671 11786 11901 12016 12131 12246 12361 12476 12591 12706 52 167 282 397 512 627
628 743 858 973 1088 1203 1318 1433 1548 1663 1778 1893 2008 2123 2238 2353 2468 2583 2698 2813 2928 3043 3158 3273 3388 3503 3505 3620 3735 3850 3965 4080 4195 4310 4425 4540 4655 4770 4885 5000 5115 5230 5345 5460 5575 5690 5805 5920 6035 6150 6265 6380 6495 6610 6725 6840 6955 7070 7185 7300 7415 7530 7645 7760 7875 7990 8105 8220 8335 8450 8565 8680 8795 8910 9025 9140 9255 9370 9485 9600 9715 9830 9832 9947 10062 10177 10292 10407 10522 10637 10752 10867 10982 11097 11212 11327 11442 11557 11672 11787 11902 12017 12132 12247 12362 12477 12592 12707 53 168 283 398 513
514 629 744 859 974 1089 1204 1319 1434 1549 1664 1779 1894 2009 2124 2239 2354 2469 2584 2699 2814 2929 3044 3159 3274 3389 3391 3506 3621 3736 3851 3966 4081 4196 4311 4426 4541 4656 4771 4886 5001 5116 5231 5346 5461 5576 5691 5806 5921 6036 6151 6266 6381 6496 6611 6726 6841 6956 7071 7186 7301 7416 7531 7646 7761 7876 7991 8106 8221 8336 8451 8566 8681 8796 8911 9026 9141 9256 9371 9486 9601 9716 9831 9833 9948 10063 10178 10293 10408 10523 10638 10753 10868 10983 11098 11213 11328 11443 11558 11673 11788 11903 12018 12133 12248 12363 12478 12593 12708 54 169 284 399
400 515 630 745 860 975 1090 1205 1320 1435 1550 1665 1780 1895 2010 2125 2240 2355 2470 2585 2700 2815 2930 3045 3160 3275 3390 3392 3507 3622 3737 3852 3967 4082 4197 4312 4427 4542 4657 4772 4887 5002 5117 5232 5347 5462 5577 5692 5807 5922 6037 6152 6267 6382 6497 6612 6727 6842 6957 7072 7187 7302 7417 7532 7647 7762 7877 7992 8107 8222 8337 8452 8567 8682 8797 8912 9027 9142 9257 9372 9487 9602 9717 9719 9834 9949 10064 10179 10294 10409 10524 10639 10754 10869 10984 11099 11214 11329 11444 11559 11674 11789 11904 12019 12134 12249 12364 12479 12594 12709 55 170 285
286 401 516 631 746 861 976 1091 1206 1321 1436 1551 1666 1781 1896 2011 2126 2241 2356 2471 2586 2701 2816 2931 3046 3161 3276 3278 3393 3508 3623 3738 3853 3968 4083 4198 4313 4428 4543 4658 4773 4888 5003 5118 5233 5348 5463 5578 5693 5808 5923 6038 6153 6268 6383 6498 6613 6728 6843 6958 7073 7188 7303 7418 7533 7648 7763 7878 7993 8108 8223 8338 8453 8568 8683 8798 8913 9028 9143 9258 9373 9488 9603 9718 9720 9835 9950 10065 10180 10295 10410 10525 10640 10755 10870 10985 11100 11215 11330 11445 11560 11675 11790 11905 12020 12135 12250 12365 12480 12595 12710 56 171
172 287 402 517 632 747 862 977 1092 1207 1322 1437 1552 1667 1782 1897 2012 2127 2242 2357 2472 2587 2702 2817 2932 3047 3162 3277 3279 3394 3509 3624 3739 3854 3969 4084 4199 4314 4429 4544 4659 4774 4889 5004 5119 5234 5349 5464 5579 5694 5809 5924 6039 6154 6269 6384 6499 6614 6729 6844 6959 7074 7189 7304 7419 7534 7649 7764 7879 7994 8109 8224 8339 8454 8569 8684 8799 8914 9029 9144 9259 9374 9489 9604 9606 9721 9836 9951 10066 10181 10296 10411 10526 10641 10756 10871 10986 11101 11216 11331 11446 11561 11676 11791 11906 12021 12136 12251 12366 12481 12596 12711 57
58 173 288 403 518 633 748 863 978 1093 1208 1323 1438 1553 1668 1783 1898 2013 2128 2243 2358 2473 2588 2703 2818 2933 3048 3163 3165 3280 3395 3510 3625 3740 3855 3970 4085 4200 4315 4430 4545 4660 4775 4890 5005 5120 5235 5350 5465 5580 5695 5810 5925 6040 6155 6270 6385 6500 6615 6730 6845 6960 7075 7190 7305 7420 7535 7650 7765 7880 7995 8110 8225 8340 8455 8570 8685 8800 8915 9030 9145 9260 9375 9490 9605 9607 9722 9837 9952 10067 10182 10297 10412 10527 10642 10757 10872 10987 11102 11217 11332 11447 11562 11677 11792 11907 12022 12137 12252 12367 12482 12597 12712
12713 59 174 289 404 519 634 749 864 979 1094 1209 1324 1439 1554 1669 1784 1899 2014 2129 2244 2359 2474 2589 2704 2819 2934 3049 3164 3166 3281 3396 3511 3626 3741 3856 3971 4086 4201 4316 4431 4546 4661 4776 4891 5006 5121 5236 5351 5466 5581 5696 5811 5926 6041 6156 6271 6386 6501 6616 6731 6846 6961 7076 7191 7306 7421 7536 7651 7766 7881 7996 8111 8226 8341 8456 8571 8686 8801 8916 9031 9146 9261 9376 9491 9493 9608 9723 9838 9953 10068 10183 10298 10413 10528 10643 10758 10873 10988 11103 11218 11333 11448 11563 11678 11793 11908 12023 12138 12253 12368 12483 12598
12599 12714 60 175 290 405 520 635 750 865 980 1095 1210 1325 1440 1555 1670 1785 1900 2015 2130 2245 2360 2475 2590 2705 2820 2935 3050 3052 3167 3282 3397 3512 3627 3742 3857 3972 4087 4202 4317 4432 4547 4662 4777 4892 5007 5122 5237 5352 5467 5582 5697 5812 5927 6042 6157 6272 6387 6502 6617 6732 6847 6962 7077 7192 7307 7422 7537 7652 7767 7882 7997 8112 8227 8342 8457 8572 8687 8802 8917 9032 9147 9262 9377 9492 9494 9609 9724 9839 9954 10069 10184 10299 10414 10529 10644 10759 10874 10989 11104 11219 11334 11449 11564 11679 11794 11909 12024 12139 12254 12369 12484
12485 12600 12715 61 176 291 406 521 636 751 866 981 1096 1211 1326 1441 1556 1671 1786 1901 2016 2131 2246 2361 2476 2591 2706 2821 2936 3051 3053 3168 3283 3398 3513 3628 3743 3858 3973 4088 4203 4318 4433 4548 4663 4778 4893 5008 5123 5238 5353 5468 5583 5698 5813 5928 6043 6158 6273 6388 6503 6618 6733 6848 6963 7078 7193 7308 7423 7538 7653 7768 7883 7998 8113 8228 8343 8458 8573 8688 8803 8918 9033 9148 9263 9378 9380 9495 9610 9725 9840 9955 10070 10185 10300 10415 10530 10645 10760 10875 10990 11105 11220 11335 11450 11565 11680 11795 11910 12025 12140 12255 12370
12371 12486 12601 12716 62 177 292 407 522 637 752 867 982 1097 1212 1327 1442 1557 1672 1787 1902 2017 2132 2247 2362 2477 2592 2707 2822 2937 2939 3054 3169 3284 3399 3514 3629 3744 3859 3974 4089 4204 4319 4434 4549 4664 4779 4894 5009 5124 5239 5354 5469 5584 5699 5814 5929 6044 6159 6274 6389 6504 6619 6734 6849 6964 7079 7194 7309 7424 7539 7654 7769 7884 7999 8114 8229 8344 8459 8574 8689 8804 8919 9034 9149 9264 9379 9381 9496 9611 9726 9841 9956 10071 10186 10301 10416 10531 10646 10761 10876 10991 11106 11221 11336 11451 11566 11681 11796 11911 12026 12141 12256
12257 12372 12487 12602 12717 63 178 293 408 523 638 753 868 983 1098 1213 1328 1443 1558 1673 1788 1903 2018 2133 2248 2363 2478 2593 2708 2823 2938 2940 3055 3170 3285 3400 3515 3630 3745 3860 3975 4090 4205 4320 4435 4550 4665 4780 4895 5010 5125 5240 5355 5470 5585 5700 5815 5930 6045 6160 6275 6390 6505 6620 6735 6850 6965 7080 7195 7310 7425 7540 7655 7770 7885 8000 8115 8230 8345 8460 8575 8690 8805 8920 9035 9150 9265 9267 9382 9497 9612 9727 9842 9957 10072 10187 10302 10417 10532 10647 10762 10877 10992 11107 11222 11337 11452 11567 11682 11797 11912 12027 12142
12143 12258 12373 12488 12603 12718 64 179 294 409 524 639 754 869 984 1099 1214 1329 1444 1559 1674 1789 1904 2019 2134 2249 2364 2479 2594 2709 2824 2826 2941 3056 3171 3286 3401 3516 3631 3746 3861 3976 4091 4206 4321 4436 4551 4666 4781 4896 5011 5126 5241 5356 5471 5586 5701 5816 5931 6046 6161 6276 6391 6506 6621 6736 6851 6966 7081 7196 7311 7426 7541 7656 7771 7886 8001 8116 8231 8346 8461 8576 8691 8806 8921 9036 9151 9266 9268 9383 9498 9613 9728 9843 9958 10073 10188 10303 10418 10533 10648 10763 10878 10993 11108 11223 11338 11453 11568 11683 11798 11913 12028
12029 12144 12259 12374 12489 12604 12719 65 180 295 410 525 640 755 870 985 1100 1215 1330 1445 1560 1675 1790 1905 2020 2135 2250 2365 2480 2595 2710 2825 2827 2942 3057 3172 3287 3402 3517 3632 3747 3862 3977 4092 4207 4322 4437 4552 4667 4782 4897 5012 5127 5242 5357 5472 5587 5702 5817 5932 6047 6162 6277 6392 6507 6622 6737 6852 6967 7082 7197 7312 7427 7542 7657 7772 7887 8002 8117 8232 8347 8462 8577 8692 8807 8922 9037 9152 9154 9269 9384 9499 9614 9729 9844 9959 10074 10189 10304 10419 10534 10649 10764 10879 10994 11109 11224 11339 11454 11569 11684 11799 11914
11915 12030 12145 12260 12375 12490 12605 12720 66 181 296 411 526 641 756 871 986 1101 1216 1331 1446 1561 1676 1791 1906 2021 2136 2251 2366 2481 2596 2711 2713 2828 2943 3058 3173 3288 3403 3518 3633 3748 3863 3978 4093 4208 4323 4438 4553 4668 4783 4898 5013 5128 5243 5358 5473 5588 5703 5818 5933 6048 6163 6278 6393 6508 6623 6738 6853 6968 7083 7198 7313 7428 7543 7658 7773 7888 8003 8118 8233 8348 8463 8578 8693 8808 8923 9038 9153 9155 9270 9385 9500 9615 9730 9845 9960 10075 10190 10305 10420 10535 10650 10765 10880 10995 11110 11225 11340 11455 11570 11685 11800
11801 11916 12031 12146 12261 12376 12491 12606 12721 67 182 297 412 527 642 757 872 987 1102 1217 1332 1447 1562 1677 1792 1907 2022 2137 2252 2367 2482 2597 2712 2714 2829 2944 3059 3174 3289 3404 3519 3634 3749 3864 3979 4094 4209 4324 4439 4554 4669 4784 4899 5014 5129 5244 5359 5474 5589 5704 5819 5934 6049 6164 6279 6394 6509 6624 6739 6854 6969 7084 7199 7314 7429 7544 7659 7774 7889 8004 8119 8234 8349 8464 8579 8694 8809 8924 9039 9041 9156 9271 9386 9501 9616 9731 9846 9961 10076 10191 10306 10421 10536 10651 10766 10881 10996 11111 11226 11341 11456 11571 11686
11687 11802 11917 12032 12147 12262 12377 12492 12607 12722 68 183 298 413 528 643 758 873 988 1103 1218 1333 1448 1563 1678 1793 1908 2023 2138 2253 2368 2483 2598 2600 2715 2830 2945 3060 3175 3290 3405 3520 3635 3750 3865 3980 4095 4210 4325 4440 4555 4670 4785 4900 5015 5130 5245 5360 5475 5590 5705 5820 5935 6050 6165 6280 6395 6510 6625 6740 6855 6970 7085 7200 7315 7430 7545 7660 7775 7890 8005 8120 8235 8350 8465 8580 8695 8810 8925 9040 9042 9157 9272 9387 9502 9617 9732 9847 9962 10077 10192 10307 10422 10537 10652 10767 10882 10997 11112 11227 11342 11457 11572
11573 11688 11803 11918 12033 12148 12263 12378 12493 12608 12723 69 184 299 414 529 644 759 874 989 1104 1219 1334 1449 1564 1679 1794 1909 2024 2139 2254 2369 2484 2599 2601 2716 2831 2946 3061 3176 3291 3406 3521 3636 3751 3866 3981 4096 4211 4326 4441 4556 4671 4786 4901 5016 5131 5246 5361 5476 5591 5706 5821 5936 6051 6166 6281 6396 6511 6626 6741 6856 6971 7086 7201 7316 7431 7546 7661 7776 7891 8006 8121 8236 8351 8466 8581 8696 8811 8926 8928 9043 9158 9273 9388 9503 9618 9733 9848 9963 10078 10193 10308 10423 10538 10653 10768 10883 10998 11113 11228 11343 11458
11459 11574 11689 11804 11919 12034 12149 12264 12379 12494 12609 12724 70 185 300 415 530 645 760 875 990 1105 1220 1335 1450 1565 1680 1795 1910 2025 2140 2255 2370 2485 2487 2602 2717 2832 2947 3062 3177 3292 3407 3522 3637 3752 3867 3982 4097 4212 4327 4442 4557 4672 4787 4902 5017 5132 5247 5362 5477 5592 5707 5822 5937 6052 6167 6282 6397 6512 6627 6742 6857 6972 7087 7202 7317 7432 7547 7662 7777 7892 8007 8122 8237 8352 8467 8582 8697 8812 8927 8929 9044 9159 9274 9389 9504 9619 9734 9849 9964 10079 1194 10309 10424 1039 10654 10769 10884 10999 11114 11229 11344
11345 11460 11575 11690 11805 11920 12035 12150 12265 12380 12495 12610 12725 71 186 301 416 531 646 761 876 991 1106 1221 1336 1451 1566 1681 1796 1911 2026 2141 2256 2371 2486 2488 2603 2718 2833 2948 3063 3178 3293 3408 3523 3638 3753 3868 3983 4098 4213 4328 4443 4558 4673 4788 4903 5018 5133 5248 5363 5478 5593 5708 5823 5938 6053 6168 6283 6398 6513 6628 6743 6858 6973 7088 7203 7318 7433 7548 7663 7778 7893 8008 8123 8238 8353 8468 8583 8698 8813 8815 8930 9045 9160 9275 9390 9505 9620 9735 9850 9965 10080 10195 10310 10425 10540 10655 10770 10885 11000 1115 11230
11231 11346 11461 11576 11691 11806 11921 12036 12151 12266 12381 12496 12611 12726 72 187 302 417 532 647 762 877 992 1107 1222 1337 1452 1567 1682 1797 192 2027 2142 2257 2372 2374 2489 2604 2719 2834 2949 3064 3179 3294 3409 3524 3639 3754 3869 3984 4099 4214 4329 4444 4559 4674 4789 4904 5019 5134 5249 5364 5479 5594 5709 5824 5939 6054 6169 6284 6399 6514 6629 6744 6859 6974 7089 7204 7319 7434 7549 7664 7779 7894 8009 8124 8239 8354 8469 8584 8699 8814 8816 8931 9046 9161 9276 9391 9506 9621 9736 9851 9966 10081 10196 10311 10426 10541 10656 10771 10886 11001 11116
11117 11232 11347 11462 11577 11692 11807 11922 12037 12152 12267 12382 12497 12612 12727 73 188 303 418 533 648 763 878 993 1108 1223 1338 1453 1568 1683 1798 1913 2028 2143 2258 2373 2375 2490 2605 2720 2835 2950 3065 3180 3295 3410 3525 3640 3755 3870 3985 4100 4215 4330 4445 4560 4675 4790 4905 5020 5135 5250 5365 5480 5595 5710 5825 5940 6055 6170 6285 6400 6515 6630 6745 6860 6975 7090 7205 7320 7435 7550 7665 7780 7895 8010 8125 8240 8355 8470 8585 8700 8702 8817 8932 947 9162 9277 9392 9507 9622 9737 9852 9967 10082 10197 10312 10427 10542 10657 10772 10887 11002
11003 11118 11233 11348 11463 11578 11693 11808 11923 12038 12153 12268 12383 12498 12613 12728 74 189 304 419 534 649 764 879 994 1109 1224 1339 1454 1569 1684 1799 1914 2029 2144 2259 2261 2376 2491 2606 2721 2836 2951 3066 3181 3296 3411 3526 3641 3756 3871 3986 4101 4216 4331 4446 4561 4676 4791 4906 5021 5136 5251 5366 5481 5596 5711 5826 5941 6056 6171 6286 6401 6516 6631 6746 6861 6976 7091 7206 7321 7436 7551 7666 7781 7896 8011 8126 8241 8356 8471 8586 8701 8703 8818 8933 9048 9163 9278 9393 9508 9623 9738 9853 9968 10083 10198 10313 10428 10543 10658 10773 10888
10889 11004 11119 11234 11349 11464 11579 11694 11809 11924 12039 12154 12269 12384 12499 12614 12729 75 190 305 420 535 650 765 880 995 1110 1225 1340 1455 1570 1685 1800 1915 2030 2145 2260 2262 2377 2492 2607 2722 2837 2952 3067 3182 3297 3412 3527 3642 3757 3872 3987 4102 4217 4332 4447 4562 4677 4792 4907 5022 5137 5252 5367 5482 5597 5712 5827 5942 6057 6172 6287 6402 6517 6632 6747 6862 6977 7092 7207 7322 7437 7552 7667 7782 7897 8012 8127 8242 8357 8472 8587 8589 8704 8819 8934 9049 9164 9279 9394 9509 9624 9739 9854 9969 10084 10199 10314 10429 10544 10659 10774
10775 10890 11005 11120 11235 11350 11465 11580 11695 11810 11925 12040 12155 12270 12385 12500 12615 12730 76 191 306 421 536 651 766 881 996 1111 1226 1341 1456 1571 1686 1801 1916 2031 2146 2148 2263 2378 2493 2608 2723 2838 2953 3068 3183 3298 3413 3528 3643 3758 3873 3988 4103 4218 4333 4448 4563 4678 4793 4908 5023 5138 5253 5368 5483 5598 5713 5828 5943 6058 6173 6288 6403 6518 6633 6748 6863 6978 7093 7208 7323 7438 7553 7668 7783 7898 8013 8128 8243 8358 8473 8588 8590 705 8820 8935 9050 9165 980 9395 9510 9625 9740 9855 9970 10085 10200 10315 10430 10545 10660
10661 10776 10891 11006 11121 11236 11351 11466 11581 11696 11811 11926 12041 12156 12271 12386 12501 12616 12731 77 192 307 422 537 652 767 882 997 1112 1227 1342 1457 1572 1687 1802 1917 2032 2147 2149 2264 2379 2494 2609 2724 2839 2954 3069 3184 3299 3414 3529 3644 3759 3874 3989 4104 4219 4334 4449 4564 4679 4794 4909 5024 5139 5254 5369 5484 5599 5714 5829 5944 6059 6174 6289 6404 6519 6634 6749 6864 6979 7094 7209 7324 7439 7554 7669 7784 7899 8014 8129 8244 8359 8474 8476 8591 8706 8821 8936 9051 9166 9281 9396 9511 9626 9741 9856 9971 10086 10201 10316 1431 10546
10547 10662 10777 10892 11007 11122 11237 11352 11467 11582 11697 11812 11927 12042 12157 12272 12387 12502 12617 12732 78 193 308 423 538 653 768 883 998 1113 1228 1343 1458 1573 1688 1803 1918 2033 2035 2150 2265 2380 2495 2610 2725 2840 2955 3070 3185 3300 3415 3530 3645 3760 3875 3990 4105 4220 4335 4450 4565 4680 4795 4910 5025 5140 5255 5370 5485 5600 5715 5830 5945 6060 6175 6290 6405 6520 6635 6750 6865 6980 7095 7210 7325 7440 7555 7670 7785 7900 8015 8130 8245 8360 8475 8477 8592 8707 8822 8937 9052 9167 9282 9397 9512 9627 9742 9857 9972 10087 10202 10317 10432
10433 10548 10663 10778 10893 11008 11123 11238 11353 11468 11583 11698 11813 11928 12043 12158 12273 12388 12503 12618 12733 79 194 309 424 539 654 769 884 999 1114 1229 1344 1459 1574 1689 1804 1919 2034 2036 2151 2266 2381 2496 2611 2726 2841 2956 3071 3186 3301 3416 3531 3646 3761 3876 3991 4106 4221 4336 4451 4566 4681 4796 4911 5026 5141 5256 5371 5486 5601 5716 5831 5946 6061 6176 6291 6406 6521 6636 6751 6866 6981 7096 7211 7326 7441 7556 7671 7786 7901 8016 8131 8246 8361 8363 8478 8593 8708 8823 8938 9053 9168 9283 9398 9513 9628 9743 9858 9973 10088 10203 10318
10319 10434 10549 10664 10779 10894 11009 11124 11239 11354 11469 11584 11699 11814 11929 12044 12159 12274 12389 12504 12619 12734 80 195 310 425 540 655 770 885 1000 1115 1230 1345 1460 1575 1690 1805 1920 1922 2037 2152 2267 2382 2497 2612 2727 2842 2957 3072 3187 3302 3417 3532 3647 3762 3877 3992 4107 4222 4337 4452 4567 4682 4797 4912 5027 5142 5257 5372 5487 5602 5717 5832 5947 6062 6177 6292 6407 6522 6637 6752 6867 6982 7097 7212 7327 7442 7557 7672 7787 7902 8017 8132 8247 8362 8364 8479 8594 8709 8824 8939 9054 9169 9284 9399 9514 9629 9744 9859 9974 1089 10204
10205 10320 10435 10550 10665 10780 10895 11010 11125 11240 11355 11470 11585 11700 11815 11930 12045 12160 12275 12390 12505 12620 12735 81 196 311 426 541 656 771 886 1001 1116 1231 1346 1461 1576 1691 1806 1921 1923 2038 2153 2268 2383 2498 2613 2728 2843 2958 3073 3188 3303 3418 3533 3648 3763 3878 3993 4108 4223 4338 4453 4568 4683 4798 4913 5028 5143 5258 5373 5488 5603 5718 5833 5948 6063 6178 6293 6408 6523 6638 6753 6868 6983 7098 7213 7328 7443 7558 7673 7788 7903 8018 8133 8248 8250 8365 8480 8595 8710 8825 8940 9055 9170 9285 9400 9515 9630 9745 9860 9975 10090
10091 10206 10321 10436 10551 10666 10781 10896 11011 11126 11241 11356 11471 11586 11701 11816 11931 12046 12161 12276 12391 12506 12621 12736 82 197 312 427 542 657 772 887 1002 1117 1232 1347 1462 1577 1692 1807 1809 1924 2039 2154 2269 2384 2499 2614 2729 2844 2959 3074 3189 3304 3419 3534 3649 3764 3879 3994 4109 4224 4339 4454 4569 4684 4799 4914 5029 5144 5259 5374 5489 5604 5719 5834 5949 6064 6179 6294 6409 6524 6639 6754 6869 6984 7099 7214 7329 7444 7559 7674 7789 7904 8019 8134 8249 8251 8366 8481 8596 8711 8826 8941 9056 9171 9286 9401 9516 9631 9746 9861 9976
9977 10092 10207 10322 10437 10552 10667 10782 10897 11012 11127 11242 11357 11472 11587 11702 11817 11932 12047 12162 12277 12392 12507 12622 12737 83 198 313 428 543 658 773 888 1003 1118 1233 1348 1463 1578 1693 1808 1810 1925 2040 2155 2270 2385 2500 2615 2730 2845 2960 3075 3190 3305 3420 3535 3650 3765 3880 3995 4110 4225 4340 4455 4570 4685 4800 4915 5030 5145 5260 5375 5490 5605 5720 5835 5950 6065 6180 6295 6410 6525 6640 6755 6870 6985 7100 7215 7330 7445 7560 7675 7790 7905 8020 8135 8137 8252 8367 8482 8597 8712 8827 8942 9057 9172 9287 9402 9517 9632 9747 9862
9863 9978 10093 10208 10323 10438 10553 10668 10783 10898 11013 11128 11243 11358 11473 11588 11703 11818 11933 12048 12163 12278 12393 12508 12623 12738 84 199 314 429 544 659 774 889 1004 1119 1234 1349 1464 1579 1694 1696 1811 1926 2041 2156 2271 2386 2501 2616 2731 2846 2961 3076 3191 3306 3421 3536 3651 3766 3881 3996 4111 4226 4341 4456 4571 4686 4801 4916 5031 5146 5261 5376 5491 5606 5721 5836 5951 6066 6181 6296 6411 6526 6641 6756 6871 6986 7101 7216 7331 7446 7561 7676 7791 7906 8021 8136 8138 8253 8368 8483 8598 8713 8828 8943 9058 9173 9288 9403 9518 9633 9748
9749 9864 9979 10094 10209 10324 10439 10554 10669 10784 10899 11014 11129 11244 11359 11474 11589 11704 11819 11934 12049 12164 12279 12394 12509 12624 12739 85 200 315 430 545 660 775 890 1005 1120 1235 1350 1465 1580 1695 1697 1812 1927 2042 2157 2272 2387 2502 2617 2732 2847 2962 3077 3192 3307 3422 3537 3652 3767 3882 3997 4112 4227 4342 4457 4572 4687 4802 4917 5032 5147 5262 5377 5492 5607 5722 5837 5952 6067 6182 6297 6412 6527 6642 6757 6872 6987 7102 7217 7332 7447 7562 7677 7792 7907 8022 8024 8139 8254 8369 8484 8599 8714 8829 8944 9059 9174 9289 9404 9519 9634
9635 9750 9865 9980 10095 10210 10325 10440 10555 10670 10785 10900 11015 11130 11245 11360 11475 11590 11705 11820 11935 12050 12165 12280 12395 12510 12625 12740 86 201 316 431 546 661 776 891 1006 1121 1236 1351 1466 1581 1583 1698 1813 1928 2043 2158 2273 2388 2503 2618 2733 2848 2963 3078 3193 3308 3423 3538 3653 3768 3883 3998 4113 4228 4343 4458 4573 4688 4803 4918 5033 5148 5263 5378 5493 5608 5723 5838 5953 6068 6183 6298 6413 6528 6643 6758 6873 6988 7103 7218 7333 7448 7563 7678 7793 7908 8023 8025 8140 8255 8370 8485 8600 8715 8830 8945 9060 9175 9290 9405 9520
9521 9636 9751 9866 9981 10096 10211 10326 10441 10556 10671 10786 10901 11016 11131 11246 11361 11476 11591 11706 11821 11936 12051 12166 12281 12396 12511 12626 12741 87 202 317 432 547 662 777 892 1007 1122 1237 1352 1467 1582 1584 1699 1814 1929 2044 2159 2274 2389 2504 2619 2734 2849 2964 3079 3194 3309 3424 3539 3654 3769 3884 3999 4114 4229 4344 4459 4574 4689 4804 4919 5034 5149 5264 5379 5494 5609 5724 5839 5954 6069 6184 6299 6414 6529 6644 6759 6874 6989 7104 7219 7334 7449 7564 7679 7794 7909 7911 8026 8141 8256 8371 8486 8601 8716 8831 8946 9061 9176 9291 9406
9407 9522 9637 9752 9867 9982 10097 10212 10327 10442 10557 10672 10787 10902 11017 11132 11247 11362 11477 11592 11707 11822 11937 12052 12167 12282 12397 12512 12627 12742 88 203 318 433 548 663 778 893 1008 1123 1238 1353 1468 1470 1585 1700 1815 1930 2045 2160 2275 2390 2505 2620 2735 2850 2965 3080 3195 3310 3425 3540 3655 3770 3885 4000 4115 4230 4345 4460 4575 4690 4805 4920 5035 5150 5265 5380 5495 5610 5725 5840 5955 6070 6185 6300 6415 6530 6645 6760 6875 6990 7105 7220 7335 7450 7565 7680 7795 7910 7912 8027 8142 8257 8372 8487 8602 8717 8832 8947 9062 9177 9292
9293 9408 9523 9638 9753 9868 9983 10098 10213 10328 10443 10558 10673 10788 10903 11018 11133 11248 11363 11478 11593 11708 11823 1198 12053 12168 12283 12398 12513 12628 12743 89 204 319 434 549 664 779 894 1009 1124 1239 1354 1469 1471 1586 1701 1816 1931 2046 2161 2276 2391 2506 2621 2736 2851 2966 3081 3196 3311 3426 3541 3656 3771 3886 4001 4116 4231 4346 4461 4576 4691 4806 4921 5036 5151 5266 5381 5496 5611 5726 5841 5956 6071 6186 6301 6416 6531 6646 6761 6876 6991 7106 7221 7336 7451 7566 7681 7796 7798 7913 8028 8143 8258 8373 8488 8603 8718 8833 8948 9063 9178
9179 9294 9409 9524 9639 9754 9869 9984 10099 10214 10329 10444 10559 10674 10789 10904 11019 11134 11249 11364 11479 11594 11709 11824 11939 12054 12169 12284 12399 12514 12629 12744 90 205 320 435 550 665 780 895 1010 1125 1240 1355 1357 1472 1587 1702 1817 1932 2047 2162 2277 2392 2507 2622 2737 2852 2967 3082 3197 3312 3427 3542 3657 3772 3887 4002 4117 4232 4347 4462 4577 4692 4807 4922 5037 5152 5267 5382 5497 5612 5727 5842 5957 6072 6187 6302 6417 6532 6647 6762 6877 6992 7107 7222 7337 7452 7567 7682 7797 7799 7914 8029 8144 8259 8374 8489 8604 8719 8834 8949 9064
9065 9180 9295 9410 9525 9640 9755 9870 9985 10100 10215 10330 10445 10560 10675 10790 10905 11020 11135 11250 11365 11480 11595 11710 11825 11940 12055 12170 12285 12400 12515 12630 12745 91 206 321 436 551 666 781 896 1011 1126 1241 1356 1358 1473 1588 1703 1818 1933 2048 2163 2278 2393 2508 2623 2738 2853 2968 3083 3198 3313 3428 3543 3658 3773 3888 4003 4118 4233 4348 4463 4578 4693 4808 4923 5038 5153 5268 5383 5498 5613 5728 5843 5958 6073 6188 6303 6418 6533 6648 6763 6878 6993 7108 7223 7338 7453 7568 7683 7685 7800 7915 8030 8145 8260 8375 8490 8605 8720 8835 8950
8951 9066 9181 9296 9411 9526 9641 9756 9871 9986 10101 10216 10331 10446 10561 10676 10791 10906 11021 11136 11251 11366 11481 11596 11711 11826 11941 12056 12171 12286 12401 12516 12631 12746 92 207 322 437 552 667 782 897 1012 1127 1242 1244 1359 1474 1589 1704 1819 1934 2049 2164 2279 2394 2509 2624 2739 2854 2969 3084 3199 3314 3429 3544 3659 3774 3889 4004 4119 4234 4349 4464 4579 4694 4809 4924 5039 5154 5269 5384 5499 5614 5729 5844 5959 6074 6189 6304 6419 6534 6649 6764 6879 6994 7109 7224 7339 7454 7569 7684 7686 7801 7916 8031 8146 8261 8376 8491 8606 8721 8836
8837 8952 9067 9182 9297 9412 9527 9642 9757 9872 9987 10102 10217 10332 10447 10562 10677 10792 10907 11022 11137 11252 11367 11482 11597 11712 11827 11942 12057 12172 12287 12402 12517 12632 12747 93 208 323 438 553 668 783 898 1013 1128 1243 1245 1360 1475 1590 1705 1820 1935 2050 2165 2280 2395 2510 2625 2740 2855 2970 3085 3200 3315 3430 3545 3660 3775 3890 4005 4120 4235 4350 4465 4580 4695 4810 4925 5040 5155 5270 5385 5500 5615 5730 5845 5960 6075 6190 6305 6420 6535 6650 6765 6880 6995 7110 7225 7340 7455 7570 7572 7687 7802 7917 8032 8147 8262 8377 8492 8607 8722
8723 8838 8953 9068 9183 9298 9413 9528 9643 9758 9873 9988 10103 10218 10333 10448 10563 10678 10793 10908 11023 11138 11253 11368 11483 11598 11713 11828 11943 12058 12173 12288 12403 12518 12633 12748 94 209 324 439 554 669 784 899 1014 1129 1131 1246 1361 1476 1591 1706 1821 1936 2051 2166 2281 2396 2511 2626 2741 2856 2971 3086 3201 3316 3431 3546 3661 3776 3891 4006 4121 4236 4351 4466 4581 4696 4811 4926 5041 5156 5271 5386 5501 5616 5731 5846 5961 6076 6191 6306 6421 6536 6651 6766 6881 6996 7111 7226 7341 7456 7571 7573 7688 7803 7918 8033 8148 8263 8378 8493 8608
8609 8724 8839 8954 9069 9184 9299 9414 9529 9644 9759 9874 9989 10104 10219 10334 10449 10564 10679 10794 10909 11024 11139 11254 11369 11484 11599 11714 11829 11944 12059 12174 12289 12404 12519 12634 12749 95 210 325 440 555 670 785 900 1015 1130 1132 1247 1362 1477 1592 1707 1822 1937 2052 2167 2282 2397 2512 2627 2742 2857 2972 3087 3202 3317 3432 3547 3662 3777 3892 4007 4122 4237 4352 4467 4582 4697 4812 4927 5042 5157 5272 5387 5502 5617 5732 5847 5962 6077 6192 6307 6422 6537 6652 6767 6882 6997 7112 7227 7342 7457 7459 7574 7689 7804 7919 8034 8149 8264 8379 8494
8495 8610 8725 8840 8955 9070 9185 9300 9415 9530 9645 9760 9875 9990 10105 10220 10335 10450 10565 10680 10795 10910 11025 11140 11255 11370 11485 11600 11715 11830 11945 12060 12175 12290 12405 12520 12635 12750 96 211 326 441 556 671 786 901 1016 1018 1133 1248 1363 1478 1593 1708 1823 1938 2053 2168 2283 2398 2513 2628 2743 2858 2973 3088 3203 3318 3433 3548 3663 3778 3893 4008 4123 4238 4353 4468 4583 4698 4813 4928 5043 5158 5273 5388 5503 5618 5733 5848 5963 6078 6193 6308 6423 6538 6653 6768 6883 6998 7113 7228 7343 7458 7460 7575 7690 7805 7920 8035 8150 8265 8380
8381 8496 8611 8726 8841 8956 9071 9186 9301 9416 9531 9646 9761 9876 9991 10106 10221 10336 10451 10566 10681 10796 10911 11026 11141 11256 11371 11486 11601 11716 11831 11946 12061 12176 12291 12406 12521 12636 12751 97 212 327 442 557 672 787 902 1017 1019 1134 1249 1364 1479 1594 1709 1824 1939 2054 2169 2284 2399 2514 2629 2744 2859 2974 3089 3204 3319 3434 3549 3664 3779 3894 4009 4124 4239 4354 4469 4584 4699 4814 4929 5044 5159 5274 5389 5504 5619 5734 5849 5964 6079 6194 6309 6424 6539 6654 6769 6884 6999 7114 7229 7344 7346 7461 7576 7691 7806 7921 8036 8151 8266
8267 8382 8497 8612 8727 8842 8957 9072 9187 9302 9417 9532 9647 9762 9877 9992 10107 10222 10337 10452 10567 10682 10797 10912 11027 11142 11257 11372 11487 11602 11717 11832 11947 12062 12177 12292 12407 12522 12637 12752 98 213 328 443 558 673 788 903 905 1020 1135 1250 1365 1480 1595 1710 1825 1940 2055 2170 2285 2400 2515 2630 2745 2860 2975 3090 3205 3320 3435 3550 3665 3780 3895 4010 4125 4240 4355 4470 4585 4700 4815 4930 5045 5160 5275 5390 5505 5620 5735 5850 5965 6080 6195 6310 6425 6540 6655 6770 6885 7000 7115 7230 7345 7347 7462 7577 7692 7807 7922 8037 8152
8153 8268 8383 8498 8613 8728 8843 8958 9073 9188 9303 9418 9533 9648 9763 9878 9993 10108 10223 10338 10453 10568 10683 10798 10913 11028 11143 11258 11373 11488 11603 11718 11833 11948 12063 12178 12293 12408 12523 12638 12753 99 214 329 444 559 674 789 904 906 1021 1136 1251 1366 1481 1596 1711 1826 1941 2056 2171 2286 2401 2516 2631 2746 2861 2976 3091 3206 3321 3436 3551 3666 3781 3896 4011 4126 4241 4356 4471 4586 4701 4816 4931 5046 5161 5276 5391 5506 5621 5736 5851 5966 6081 6196 6311 6426 6541 6656 6771 6886 7001 7116 7231 7233 7348 7463 7578 7693 7808 7923 8038
8039 8154 8269 8384 8499 8614 8729 8844 8959 9074 9189 9304 9419 9534 9649 9764 9879 9994 10109 10224 1339 10454 10569 10684 10799 10914 11029 11144 11259 11374 11489 11604 11719 11834 11949 12064 12179 12294 12409 12524 12639 12754 100 215 330 445 560 675 790 792 907 1022 1137 1252 1367 1482 1597 1712 1827 1942 2057 2172 2287 2402 2517 2632 2747 2862 2977 3092 3207 3322 3437 3552 3667 3782 3897 4012 4127 4242 4357 4472 4587 4702 4817 4932 5047 5162 5277 5392 5507 5622 5737 5852 5967 6082 6197 6312 6427 6542 6657 6772 6887 7002 7117 7232 7234 7349 7464 7579 7694 7809 7924
7925 8040 8155 8270 8385 8500 8615 8730 8845 8960 9075 9190 9305 9420 9535 9650 9765 9880 9995 10110 10225 10340 10455 10570 10685 10800 10915 11030 11145 11260 11375 11490 11605 11720 11835 11950 12065 12180 12295 12410 12525 12640 12755 101 216 331 446 561 676 791 793 908 1023 1138 1253 1368 1483 1598 1713 1828 1943 2058 2173 2288 2403 2518 2633 2748 2863 2978 3093 3208 3323 3438 3553 3668 3783 3898 4013 4128 4243 4358 4473 4588 4703 4818 4933 5048 5163 5278 5393 5508 5623 5738 5853 5968 6083 6198 6313 6428 6543 6658 6773 6888 7003 7118 7120 7235 7350 7465 7580 7695 7810
7811 7926 8041 8156 8271 8386 8501 8616 8731 8846 8961 9076 9191 9306 9421 9536 9651 9766 9881 9996 10111 10226 10341 10456 10571 10686 10801 10916 11031 11146 11261 11376 11491 11606 11721 11836 11951 12066 12181 12296 12411 12526 12641 12756 102 217 332 447 562 677 679 794 909 1024 1139 1254 1369 1484 1599 1714 1829 1944 2059 2174 2289 2404 2519 2634 2749 2864 2979 3094 3209 3324 3439 3554 3669 3784 3899 4014 4129 4244 4359 4474 4589 4704 4819 4934 5049 5164 5279 5394 5509 5624 5739 5854 5969 6084 6199 6314 6429 6544 6659 6774 6889 7004 7119 7121 7236 7351 7466 7581 7696
7697 7812 7927 8042 8157 8272 8387 8502 8617 8732 8847 8962 9077 9192 9307 9422 9537 9652 9767 9882 9997 10112 10227 10342 10457 10572 10687 10802 10917 11032 11147 11262 11377 11492 11607 11722 11837 11952 12067 12182 12297 12412 12527 12642 12757 103 218 333 448 563 678 680 795 910 1025 1140 1255 1370 1485 1600 1715 1830 1945 2060 2175 2290 2405 2520 2635 2750 2865 2980 3095 3210 3325 3440 3555 3670 3785 3900 4015 4130 4245 4360 4475 4590 4705 4820 4935 5050 5165 5280 5395 5510 5625 5740 5855 5970 6085 6200 6315 6430 6545 6660 6775 6890 7005 7007 7122 7237 7352 7467 7582
7583 7698 7813 7928 8043 8158 8273 8388 8503 8618 8733 8848 8963 9078 9193 9308 9423 9538 9653 9768 9883 9998 10113 10228 10343 10458 10573 10688 10803 10918 11033 11148 11263 11378 11493 11608 11723 11838 11953 12068 12183 12298 12413 12528 12643 12758 104 219 334 449 564 566 681 796 911 1026 1141 1256 1371 1486 1601 1716 1831 1946 2061 2176 2291 2406 2521 2636 2751 2866 2981 3096 3211 3326 3441 3556 3671 3786 3901 4016 4131 4246 4361 4476 4591 4706 4821 4936 5051 5166 5281 5396 5511 5626 5741 5856 5971 6086 6201 6316 6431 6546 6661 6776 6891 7006 7008 7123 7238 7353 7468
7469 7584 7699 7814 7929 8044 8159 8274 8389 8504 8619 8734 8849 8964 9079 9194 9309 9424 9539 9654 9769 9884 9999 10114 10229 10344 10459 10574 10689 10804 10919 11034 11149 11264 11379 11494 11609 11724 11839 11954 12069 12184 12299 12414 12529 12644 12759 105 220 335 450 565 567 682 797 912 1027 1142 1257 1372 1487 1602 1717 1832 1947 2062 2177 2292 2407 2522 2637 2752 2867 2982 3097 3212 3327 3442 3557 3672 3787 3902 4017 4132 4247 4362 4477 4592 4707 4822 4937 5052 5167 5282 5397 5512 5627 5742 5857 5972 6087 6202 6317 6432 6547 6662 6777 6892 6894 7009 7124 7239 7354
7355 7470 7585 7700 7815 7930 8045 8160 8275 8390 8505 8620 8735 8850 8965 9080 9195 9310 9425 9540 9655 9770 9885 10000 10115 10230 10345 10460 10575 10690 10805 10920 11035 11150 11265 11380 11495 11610 11725 11840 11955 12070 12185 12300 12415 12530 12645 12760 106 221 336 451 453 568 683 798 913 1028 1143 1258 1373 1488 1603 1718 1833 1948 2063 2178 2293 2408 2523 2638 2753 2868 2983 3098 3213 3328 3443 3558 3673 3788 3903 4018 4133 4248 4363 4478 4593 4708 4823 4938 5053 5168 5283 5398 5513 5628 5743 5858 5973 6088 6203 6318 6433 6548 6663 6778 6893 6895 7010 7125 7240
7241 7356 7471 7586 7701 7816 7931 8046 8161 8276 8391 8506 8621 8736 8851 8966 9081 9196 9311 9426 9541 9656 9771 9886 10001 10116 10231 10346 10461 10576 10691 10806 10921 11036 11151 11266 11381 11496 11611 11726 11841 11956 12071 12186 12301 12416 12531 12646 12761 107 222 337 452 454 569 684 799 914 1029 1144 1259 1374 1489 1604 1719 1834 1949 2064 2179 2294 2409 2524 2639 2754 2869 2984 3099 3214 3329 3444 3559 3674 3789 3904 4019 4134 4249 4364 4479 4594 4709 4824 4939 5054 5169 5284 5399 5514 5629 5744 5859 5974 6089 6204 6319 6434 6549 6664 6779 6781 6896 7011 7126
7127 7242 7357 7472 7587 7702 7817 7932 8047 8162 8277 8392 8507 8622 8737 8852 8967 9082 9197 9312 9427 9542 9657 9772 9887 10002 10117 10232 10347 10462 10577 10692 10807 10922 11037 11152 11267 11382 11497 11612 11727 11842 11957 12072 12187 12302 12417 12532 12647 12762 108 223 338 340 455 570 685 800 915 1030 1145 1260 1375 1490 1605 1720 1835 1950 2065 2180 2295 2410 2525 2640 2755 2870 2985 3100 3215 3330 3445 3560 3675 3790 3905 4020 4135 4250 4365 4480 4595 4710 4825 4940 5055 5170 5285 5400 5515 5630 5745 5860 5975 6090 6205 6320 6435 6550 6665 6780 6782 6897 7012
7013 7128 7243 7358 7473 7588 7703 7818 7933 8048 8163 8278 8393 8508 8623 8738 8853 8968 9083 9198 9313 9428 9543 9658 9773 9888 10003 10118 10233 10348 10463 10578 10693 10808 10923 11038 11153 11268 11383 11498 11613 11728 11843 11958 12073 12188 12303 12418 12533 12648 12763 109 224 339 341 456 571 686 801 916 1031 1146 1261 1376 1491 1606 1721 1836 1951 2066 2181 2296 2411 2526 2641 2756 2871 2986 3101 3216 3331 3446 3561 3676 3791 3906 4021 4136 4251 4366 4481 4596 4711 4826 4941 5056 5171 5286 5401 5516 5631 5746 5861 5976 6091 6206 6321 6436 6551 6666 6668 6783 6898
6899 7014 7129 7244 7359 7474 7589 7704 7819 7934 8049 8164 8279 8394 8509 824 8739 8854 8969 9084 9199 9314 9429 9544 9659 9774 9889 10004 10119 10234 10349 10464 10579 10694 10809 10924 11039 11154 11269 11384 11499 11614 11729 11844 11959 12074 12189 12304 12419 12534 12649 12764 110 225 227 342 457 572 687 802 917 1032 1147 1262 1377 1492 1607 1722 1837 1952 2067 2182 2297 2412 2527 2642 2757 2872 2987 3102 3217 3332 3447 3562 3677 3792 3907 4022 4137 4252 4367 4482 4597 4712 4827 4942 5057 5172 5287 5402 5517 5632 5747 5862 5977 6092 6207 6322 6437 6552 6667 6669 6784
6785 6900 7015 7130 7245 7360 7475 7590 7705 7820 7935 8050 8165 8280 8395 8510 8625 8740 8855 8970 9085 9200 9315 9430 9545 9660 9775 9890 10005 10120 10235 10350 10465 10580 10695 10810 10925 11040 11155 11270 11385 11500 11615 11730 11845 11960 12075 12190 12305 12420 12535 12650 12765 111 226 228 343 458 573 688 803 918 1033 1148 1263 1378 1493 1608 1723 1838 1953 2068 2183 2298 2413 2528 2643 2758 2873 2988 3103 3218 3333 3448 3563 3678 3793 3908 4023 4138 4253 4368 4483 4598 4713 4828 4943 5058 5173 5288 5403 5518 5633 5748 5863 5978 6093 6208 6323 6438 6553 6555 6670
6671 6786 6901 7016 7131 7246 7361 7476 7591 7706 7821 7936 8051 8166 8281 8396 8511 8626 8741 8856 8971 9086 9201 9316 9431 9546 9661 9776 9891 10006 10121 10236 10351 10466 10581 10696 10811 10926 11041 11156 11271 11386 11501 11616 11731 11846 11961 12076 12191 12306 12421 12536 12651 12766 112 114 229 344 459 574 689 804 919 1034 1149 1264 1379 1494 1609 1724 1839 1954 2069 2184 2299 2414 2529 2644 2759 2874 2989 3104 3219 3334 3449 3564 3679 3794 3909 4024 4139 4254 4369 4484 4599 4714 4829 4944 5059 5174 5289 5404 5519 5634 5749 5864 5979 6094 6209 6324 6439 6554 6556
6557 6672 6787 6902 7017 7132 7247 7362 7477 7592 7707 7822 7937 8052 8167 8282 8397 8512 8627 8742 8857 8972 9087 9202 9317 9432 9547 9662 9777 9892 10007 10122 10237 10352 10467 10582 10697 10812 10927 11042 11157 11272 11387 11502 11617 11732 11847 11962 12077 12192 12307 12422 12537 12652 12767 113 115 230 345 460 575 690 805 920 1035 1150 1265 1380 1495 1610 1725 1840 1955 2070 2185 2300 2415 2530 2645 2760 2875 2990 3105 3220 3335 3450 3565 3680 3795 3910 4025 4140 4255 4370 4485 4600 4715 4830 4945 5060 5175 5290 5405 5520 5635 5750 5865 5980 6095 6210 6325 6440 6442
6443 6558 6673 6788 6903 7018 7133 7248 7363 7478 7593 7708 7823 7938 8053 8168 8283 8398 8513 8628 8743 8858 8973 9088 9203 9318 9433 9548 9663 9778 9893 10008 10123 10238 10353 10468 10583 10698 10813 10928 11043 11158 11273 11388 11503 11618 11733 11848 11963 12078 12193 12308 12423 12538 12653 12768 1 116 231 346 461 576 691 806 921 1036 1151 1266 1381 1496 1611 1726 1841 1956 2071 2186 2301 2416 2531 2646 2761 2876 2991 3106 3221 3336 3451 3566 3681 3796 3911 4026 4141 4256 4371 4486 4601 4716 4831 4946 5061 5176 5291 5406 5521 5636 5751 5866 5981 6096 6211 6326 6441
