73
2629 2704 2779 2854 2929 3004 3079 3154 3229 3304 3379 3454 3529 3604 3679 3754 3829 3904 3979 4054 4129 4204 4279 4354 4429 4504 4579 4654 4729 4804 4879 4954 5029 5104 5179 5254 5329 2 77 152 227 302 377 452 527 602 677 752 827 902 977 1052 1127 1202 1277 1352 1427 1502 1577 1652 1727 1802 1877 1952 2027 2102 2177 2252 2327 2402 2477 2552 2627
2628 2630 2705 2780 2855 2930 3005 3080 3155 3230 3305 3380 3455 3530 3605 3680 3755 3830 3905 3980 4055 4130 4205 4280 4355 4430 4505 4580 4655 4730 4805 4880 4955 5030 5105 5180 5255 5257 3 78 153 228 303 378 453 528 603 678 753 828 903 978 1053 1128 1203 1278 1353 1428 1503 1578 1653 1728 1803 1878 1953 2028 2103 2178 2253 2328 2403 2478 2553
2554 2556 2631 2706 2781 2856 2931 3006 3081 3156 3231 3306 3381 3456 3531 3606 3681 3756 3831 3906 3981 4056 4131 4206 4281 4356 4431 4506 4581 4656 4731 4806 4881 4956 5031 5106 5181 5256 5258 4 79 154 229 304 379 454 529 604 679 754 829 904 979 1054 1129 1204 1279 1354 1429 1504 1579 1654 1729 1804 1879 1954 2029 2104 2179 2254 2329 2404 2479
2480 2555 2557 2632 2707 2782 2857 2932 3007 3082 3157 3232 3307 3382 3457 3532 3607 3682 3757 3832 3907 3982 4057 4132 4207 4282 4357 4432 4507 4582 4657 4732 4807 4882 4957 5032 5107 5182 5184 5259 5 80 155 230 305 380 455 530 605 680 755 830 905 980 1055 1130 1205 1280 1355 1430 1505 1580 1655 1730 1805 1880 1955 2030 2105 2180 2255 2330 2405
2406 2481 2483 2558 2633 2708 2783 2858 2933 3008 3083 3158 3233 3308 3383 3458 3533 3608 3683 3758 3833 3908 3983 4058 4133 4208 4283 4358 4433 4508 4583 4658 4733 4808 4883 4958 5033 5108 5183 5185 5260 6 81 156 231 306 381 456 531 606 681 756 831 906 981 1056 1131 1206 1281 1356 1431 1506 1581 1656 1731 1806 1881 1956 2031 2106 2181 2256 2331
2332 2407 2482 2484 2559 2634 2709 2784 2859 2934 3009 3084 3159 3234 3309 3384 3459 3534 3609 3684 3759 3834 3909 3984 4059 4134 4209 4284 4359 4434 4509 4584 4659 4734 4809 4884 4959 5034 5109 5111 5186 5261 7 82 157 232 307 382 457 532 607 682 757 832 907 982 1057 1132 1207 1282 1357 1432 1507 1582 1657 1732 1807 1882 1957 2032 2107 2182 2257
2258 2333 2408 2410 2485 2560 2635 2710 2785 2860 2935 3010 3085 3160 3235 3310 3385 3460 3535 3610 3685 3760 3835 3910 3985 4060 4135 4210 4285 4360 4435 4510 4585 4660 4735 4810 4885 4960 5035 5110 5112 5187 5262 8 83 158 233 308 383 458 533 608 683 758 833 908 983 1058 1133 1208 1283 1358 1433 1508 1583 1658 1733 1808 1883 1958 2033 2108 2183
2184 2259 2334 2409 2411 2486 2561 2636 2711 2786 2861 2936 3011 3086 3161 3236 3311 3386 3461 3536 3611 3686 3761 3836 3911 3986 4061 4136 4211 4286 4361 4436 4511 4586 4661 4736 4811 4886 4961 5036 5038 5113 5188 5263 9 84 159 234 309 384 459 534 609 684 759 834 909 984 1059 1134 1209 1284 1359 1434 1509 1584 1659 1734 1809 1884 1959 2034 2109
2110 2185 2260 2335 2337 2412 2487 2562 2637 2712 2787 2862 2937 3012 3087 3162 3237 3312 3387 3462 3537 3612 3687 3762 3837 3912 3987 4062 4137 4212 4287 4362 4437 4512 4587 4662 4737 4812 4887 4962 5037 5039 5114 5189 5264 10 85 160 235 310 385 460 535 610 685 760 835 910 985 1060 1135 1210 1285 1360 1435 1510 1585 1660 1735 1810 1885 1960 2035
2036 2111 2186 2261 2336 2338 2413 2488 2563 2638 2713 2788 2863 2938 3013 3088 3163 3238 3313 3388 3463 3538 3613 3688 3763 3838 3913 3988 4063 4138 4213 4288 4363 4438 4513 4588 4663 4738 4813 4888 4963 4965 5040 5115 5190 5265 11 86 161 236 311 386 461 536 611 686 761 836 911 986 1061 1136 1211 1286 1361 1436 1511 1586 1661 1736 1811 1886 1961
1962 2037 2112 2187 2262 2264 2339 2414 2489 2564 2639 2714 2789 2864 2939 3014 3089 3164 3239 3314 3389 3464 3539 3614 3689 3764 3839 3914 3989 4064 4139 4214 4289 4364 4439 4514 4589 4664 4739 4814 4889 4964 4966 5041 5116 5191 5266 12 87 162 237 312 387 462 537 612 687 762 837 912 987 1062 1137 1212 1287 1362 1437 1512 1587 1662 1737 1812 1887
1888 1963 2038 2113 2188 2263 2265 2340 2415 2490 2565 2640 2715 2790 2865 2940 3015 3090 3165 3240 3315 3390 3465 3540 3615 3690 3765 3840 3915 3990 4065 4140 4215 4290 4365 4440 4515 4590 4665 4740 4815 4890 4892 4967 5042 5117 5192 5267 13 88 163 238 313 388 463 538 613 688 763 838 913 988 1063 1138 1213 1288 1363 1438 1513 1588 1663 1738 1813
1814 1889 1964 2039 2114 2189 2191 2266 2341 2416 2491 2566 2641 2716 2791 2866 2941 3016 3091 3166 3241 3316 3391 3466 3541 3616 3691 3766 3841 3916 3991 4066 4141 4216 4291 4366 4441 4516 4591 4666 4741 4816 4891 4893 4968 5043 5118 5193 5268 14 89 164 239 314 389 464 539 614 689 764 839 914 989 1064 1139 1214 1289 1364 1439 1514 1589 1664 1739
1740 1815 1890 1965 2040 2115 2190 2192 2267 2342 2417 2492 2567 2642 2717 2792 2867 2942 3017 3092 3167 3242 3317 3392 3467 3542 3617 3692 3767 3842 3917 3992 4067 4142 4217 4292 4367 4442 4517 4592 4667 4742 4817 4819 4894 4969 5044 5119 5194 5269 15 90 165 240 315 390 465 540 615 690 765 840 915 990 1065 1140 1215 1290 1365 1440 1515 1590 1665
1666 1741 1816 1891 1966 2041 2116 2118 2193 2268 2343 2418 2493 2568 2643 2718 2793 2868 2943 3018 3093 3168 3243 3318 3393 3468 3543 3618 3693 3768 3843 3918 3993 4068 4143 4218 4293 4368 4443 4518 4593 4668 4743 4818 4820 4895 4970 5045 5120 5195 5270 16 91 166 241 316 391 466 541 616 691 766 841 916 991 1066 1141 1216 1291 1366 1441 1516 1591
1592 1667 1742 1817 1892 1967 2042 2117 2119 2194 2269 2344 2419 2494 2569 2644 2719 2794 2869 2944 3019 3094 3169 3244 3319 3394 3469 3544 3619 3694 3769 3844 3919 3994 4069 4144 4219 4294 4369 4444 4519 4594 4669 4744 4746 4821 4896 4971 5046 5121 5196 5271 17 92 167 242 317 392 467 542 617 692 767 842 917 992 1067 1142 1217 1292 1367 1442 1517
1518 1593 1668 1743 1818 1893 1968 2043 2045 2120 2195 2270 2345 2420 2495 2570 2645 2720 2795 2870 2945 3020 3095 3170 3245 3320 3395 3470 3545 3620 3695 3770 3845 3920 3995 4070 4145 4220 4295 4370 4445 4520 4595 4670 4745 4747 4822 4897 4972 5047 5122 5197 5272 18 93 168 243 318 393 468 543 618 693 768 843 918 993 1068 1143 1218 1293 1368 1443
1444 1519 1594 1669 1744 1819 1894 1969 2044 2046 2121 2196 2271 2346 2421 2496 2571 2646 2721 2796 2871 2946 3021 3096 3171 3246 3321 3396 3471 3546 3621 3696 3771 3846 3921 3996 4071 4146 4221 4296 4371 4446 4521 4596 4671 4673 4748 4823 4898 4973 5048 5123 5198 5273 19 94 169 244 319 394 469 544 619 694 769 844 919 994 1069 1144 1219 1294 1369
1370 1445 1520 1595 1670 1745 1820 1895 1970 1972 2047 2122 2197 2272 2347 2422 2497 2572 2647 2722 2797 2872 2947 3022 3097 3172 3247 3322 3397 3472 3547 3622 3697 3772 3847 3922 3997 4072 4147 4222 4297 4372 4447 4522 4597 4672 4674 4749 4824 4899 4974 5049 5124 5199 5274 20 95 170 245 320 395 470 545 620 695 770 845 920 995 1070 1145 1220 1295
1296 1371 1446 1521 1596 1671 1746 1821 1896 1971 1973 2048 2123 2198 2273 2348 2423 2498 2573 2648 2723 2798 2873 2948 3023 3098 3173 3248 3323 3398 3473 3548 3623 3698 3773 3848 3923 3998 4073 4148 4223 4298 4373 4448 4523 4598 4600 4675 4750 4825 4900 4975 5050 5125 5200 5275 21 96 171 246 321 396 471 546 621 696 771 846 921 996 1071 1146 1221
1222 1297 1372 1447 1522 1597 1672 1747 1822 1897 1899 1974 2049 2124 2199 2274 2349 2424 2499 2574 2649 2724 2799 2874 2949 3024 3099 3174 3249 3324 3399 3474 3549 3624 3699 3774 3849 3924 3999 4074 4149 4224 4299 4374 4449 4524 4599 4601 4676 4751 4826 4901 4976 5051 5126 5201 5276 22 97 172 247 322 397 472 547 622 697 772 847 922 997 1072 1147
1148 1223 1298 1373 1448 1523 1598 1673 1748 1823 1898 1900 1975 2050 2125 2200 2275 2350 2425 2500 2575 2650 2725 2800 2875 2950 3025 3100 3175 3250 3325 3400 3475 3550 3625 3700 3775 3850 3925 4000 4075 4150 4225 4300 4375 4450 4525 4527 4602 4677 4752 4827 4902 4977 5052 5127 5202 5277 23 98 173 248 323 398 473 548 623 698 773 848 923 998 1073
1074 1149 1224 1299 1374 1449 1524 1599 1674 1749 1824 1826 1901 1976 2051 2126 2201 2276 2351 2426 2501 2576 2651 2726 2801 2876 2951 3026 3101 3176 3251 3326 3401 3476 3551 3626 3701 3776 3851 3926 4001 4076 4151 4226 4301 4376 4451 4526 4528 4603 4678 4753 4828 4903 4978 5053 5128 5203 5278 24 99 174 249 324 399 474 549 624 699 774 849 924 999
1000 1075 1150 1225 1300 1375 1450 1525 1600 1675 1750 1825 1827 1902 1977 2052 2127 2202 2277 2352 2427 2502 2577 2652 2727 2802 2877 2952 3027 3102 3177 3252 3327 3402 3477 3552 3627 3702 3777 3852 3927 4002 4077 4152 4227 4302 4377 4452 4454 4529 4604 4679 4754 4829 4904 4979 5054 5129 5204 5279 25 100 175 250 325 400 475 550 625 700 775 850 925
926 1001 1076 1151 1226 1301 1376 1451 1526 1601 1676 1751 1753 1828 1903 1978 2053 2128 2203 2278 2353 2428 2503 2578 2653 2728 2803 2878 2953 3028 3103 3178 3253 3328 3403 3478 3553 3628 3703 3778 3853 3928 4003 4078 4153 4228 4303 4378 4453 4455 4530 4605 4680 4755 4830 4905 4980 5055 5130 5205 5280 26 101 176 251 326 401 476 551 626 701 776 851
852 927 1002 1077 1152 1227 1302 1377 1452 1527 1602 1677 1752 1754 1829 1904 1979 2054 2129 2204 2279 2354 2429 2504 2579 2654 2729 2804 2879 2954 3029 3104 3179 3254 3329 3404 3479 3554 3629 3704 3779 3854 3929 4004 4079 4154 4229 4304 4379 4381 4456 4531 4606 4681 4756 4831 4906 4981 5056 5131 5206 5281 27 102 177 252 327 402 477 552 627 702 777
778 853 928 1003 1078 1153 1228 1303 1378 1453 1528 1603 1678 1680 1755 1830 1905 1980 2055 2130 2205 2280 2355 2430 2505 2580 2655 2730 2805 2880 2955 3030 3105 3180 3255 3330 3405 3480 3555 3630 3705 3780 3855 3930 4005 4080 4155 4230 4305 4380 4382 4457 4532 4607 4682 4757 4832 4907 4982 5057 5132 5207 5282 28 103 178 253 328 403 478 553 628 703
704 779 854 929 1004 1079 1154 1229 1304 1379 1454 1529 1604 1679 1681 1756 1831 1906 1981 2056 2131 2206 2281 2356 2431 2506 2581 2656 2731 2806 2881 2956 3031 3106 3181 3256 3331 3406 3481 3556 3631 3706 3781 3856 3931 4006 4081 4156 4231 4306 4308 4383 4458 4533 4608 4683 4758 4833 4908 4983 5058 5133 5208 5283 29 104 179 254 329 404 479 554 629
630 705 780 855 930 1005 1080 1155 1230 1305 1380 1455 1530 1605 1607 1682 1757 1832 1907 1982 2057 2132 2207 2282 2357 2432 2507 2582 2657 2732 2807 2882 2957 3032 3107 3182 3257 3332 3407 3482 3557 3632 3707 3782 3857 3932 4007 4082 4157 4232 4307 4309 4384 4459 4534 4609 4684 4759 4834 4909 4984 5059 5134 5209 5284 30 105 180 255 330 405 480 555
556 631 706 781 856 931 1006 1081 1156 1231 1306 1381 1456 1531 1606 1608 1683 1758 1833 1908 1983 2058 2133 2208 2283 2358 2433 2508 2583 2658 2733 2808 2883 2958 3033 3108 3183 3258 3333 3408 3483 3558 3633 3708 3783 3858 3933 4008 4083 4158 4233 4235 4310 4385 4460 4535 4610 4685 4760 4835 4910 4985 5060 5135 5210 5285 31 106 181 256 331 406 481
482 557 632 707 782 857 932 1007 1082 1157 1232 1307 1382 1457 1532 1534 1609 1684 1759 1834 1909 1984 2059 2134 2209 2284 2359 2434 2509 2584 2659 2734 2809 2884 2959 3034 3109 3184 3259 3334 3409 3484 3559 3634 3709 3784 3859 3934 4009 4084 4159 4234 4236 4311 4386 4461 4536 4611 4686 4761 4836 4911 4986 5061 5136 5211 5286 32 107 182 257 332 407
408 483 558 633 708 783 858 933 1008 1083 1158 1233 1308 1383 1458 1533 1535 1610 1685 1760 1835 1910 1985 2060 2135 2210 2285 2360 2435 2510 2585 2660 2735 2810 2885 2960 3035 3110 3185 3260 3335 3410 3485 3560 3635 3710 3785 3860 3935 4010 4085 4160 4162 4237 4312 4387 4462 4537 4612 4687 4762 4837 4912 4987 5062 5137 5212 5287 33 108 183 258 333
334 409 484 559 634 709 784 859 934 1009 1084 1159 1234 1309 1384 1459 1461 1536 1611 1686 1761 1836 1911 1986 2061 2136 2211 2286 2361 2436 2511 2586 2661 2736 2811 2886 2961 3036 3111 3186 3261 3336 3411 3486 3561 3636 3711 3786 3861 3936 4011 4086 4161 4163 4238 4313 4388 4463 4538 4613 4688 4763 4838 4913 4988 5063 5138 5213 5288 34 109 184 259
260 335 410 485 560 635 710 785 860 935 1010 1085 1160 1235 1310 1385 1460 1462 1537 1612 1687 1762 1837 1912 1987 2062 2137 2212 2287 2362 2437 2512 2587 2662 2737 2812 2887 2962 3037 3112 3187 3262 3337 3412 3487 3562 3637 3712 3787 3862 3937 4012 4087 4089 4164 4239 4314 4389 4464 4539 4614 4689 4764 4839 4914 4989 5064 5139 5214 5289 35 110 185
186 261 336 411 486 561 636 711 786 861 936 1011 1086 1161 1236 1311 1386 1388 1463 1538 1613 1688 1763 1838 1913 1988 2063 2138 2213 2288 2363 2438 2513 2588 2663 2738 2813 2888 2963 3038 3113 3188 3263 3338 3413 3488 3563 3638 3713 3788 3863 3938 4013 4088 4090 4165 4240 4315 4390 4465 4540 4615 4690 4765 4840 4915 4990 5065 5140 5215 5290 36 111
112 187 262 337 412 487 562 637 712 787 862 937 1012 1087 1162 1237 1312 1387 1389 1464 1539 1614 1689 1764 1839 1914 1989 2064 2139 2214 2289 2364 2439 2514 2589 2664 2739 2814 2889 2964 3039 3114 3189 3264 3339 3414 3489 3564 3639 3714 3789 3864 3939 4014 4016 4091 4166 4241 4316 4391 4466 4541 4616 4691 4766 4841 4916 4991 5066 5141 5216 5291 37
38 113 188 263 338 413 488 563 638 713 788 863 938 1013 1088 1163 1238 1313 1315 1390 1465 1540 1615 1690 1765 1840 1915 1990 2065 2140 2215 2290 2365 2440 2515 2590 2665 2740 2815 2890 2965 3040 3115 3190 3265 3340 3415 3490 3565 3640 3715 3790 3865 3940 4015 4017 4092 4167 4242 4317 4392 4467 4542 4617 4692 4767 4842 4917 4992 5067 5142 5217 5292
5293 39 114 189 264 339 414 489 564 639 714 789 864 939 1014 1089 1164 1239 1314 1316 1391 1466 1541 1616 1691 1766 1841 1916 1991 2066 2141 2216 2291 2366 2441 2516 2591 2666 2741 2816 2891 2966 3041 3116 3191 3266 3341 3416 3491 3566 3641 3716 3791 3866 3941 3943 4018 4093 4168 4243 4318 4393 4468 4543 4618 4693 4768 4843 4918 4993 5068 5143 5218
5219 5294 40 115 190 265 340 415 490 565 640 715 790 865 940 1015 1090 1165 1240 1242 1317 1392 1467 1542 1617 1692 1767 1842 1917 1992 2067 2142 2217 2292 2367 2442 2517 2592 2667 2742 2817 2892 2967 3042 3117 3192 3267 3342 3417 3492 3567 3642 3717 3792 3867 3942 3944 4019 4094 4169 4244 4319 4394 4469 4544 4619 4694 4769 4844 4919 4994 5069 5144
5145 5220 5295 41 116 191 266 341 416 491 566 641 716 791 866 941 1016 1091 1166 1241 1243 1318 1393 1468 1543 1618 1693 1768 1843 1918 1993 2068 2143 2218 2293 2368 2443 2518 2593 2668 2743 2818 2893 2968 3043 3118 3193 3268 3343 3418 3493 3568 3643 3718 3793 3868 3870 3945 4020 4095 4170 4245 4320 4395 4470 4545 4620 4695 4770 4845 4920 4995 5070
5071 5146 5221 5296 42 117 192 267 342 417 492 567 642 717 792 867 942 1017 1092 1167 1169 1244 1319 1394 1469 1544 1619 1694 1769 1844 1919 1994 2069 2144 2219 2294 2369 2444 2519 2594 2669 2744 2819 2894 2969 3044 3119 3194 3269 3344 3419 3494 3569 3644 3719 3794 3869 3871 3946 4021 4096 4171 4246 4321 4396 4471 4546 4621 4696 4771 4846 4921 4996
4997 5072 5147 5222 5297 43 118 193 268 343 418 493 568 643 718 793 868 943 1018 1093 1168 1170 1245 1320 1395 1470 1545 1620 1695 1770 1845 1920 1995 2070 2145 2220 2295 2370 2445 2520 2595 2670 2745 2820 2895 2970 3045 3120 3195 3270 3345 3420 3495 3570 3645 3720 3795 3797 3872 3947 4022 4097 4172 4247 4322 4397 4472 4547 4622 4697 4772 4847 4922
4923 4998 5073 5148 5223 5298 44 119 194 269 344 419 494 569 644 719 794 869 944 1019 1094 1096 1171 1246 1321 1396 1471 1546 1621 1696 1771 1846 1921 1996 2071 2146 2221 2296 2371 2446 2521 2596 2671 2746 2821 2896 2971 3046 3121 3196 3271 3346 3421 3496 3571 3646 3721 3796 3798 3873 3948 4023 4098 4173 4248 4323 4398 4473 4548 4623 4698 4773 4848
4849 4924 4999 5074 5149 5224 5299 45 120 195 270 345 420 495 570 645 720 795 870 945 1020 1095 1097 1172 1247 1322 1397 1472 1547 1622 1697 1772 1847 1922 1997 2072 2147 2222 2297 2372 2447 2522 2597 2672 2747 2822 2897 2972 3047 3122 3197 3272 3347 3422 3497 3572 3647 3722 3724 3799 3874 3949 4024 4099 4174 4249 4324 4399 4474 4549 4624 4699 4774
4775 4850 4925 5000 5075 5150 5225 5300 46 121 196 271 346 421 496 571 646 721 796 871 946 1021 1023 1098 1173 1248 1323 1398 1473 1548 1623 1698 1773 1848 1923 1998 2073 2148 2223 2298 2373 2448 2523 2598 2673 2748 2823 2898 2973 3048 3123 3198 3273 3348 3423 3498 3573 3648 3723 3725 3800 3875 3950 4025 4100 4175 4250 4325 4400 4475 4550 4625 4700
4701 4776 451 4926 5001 076 5151 5226 5301 47 122 197 272 347 422 497 572 647 722 797 872 947 1022 1024 1099 1174 1249 1324 1399 1474 1549 1624 1699 1774 1849 1924 1999 2074 2149 2224 2299 2374 2449 2524 2599 2674 2749 2824 2899 2974 3049 3124 3199 3274 3349 3424 3499 3574 3649 3651 3726 3801 3876 3951 4026 4101 4176 4251 4326 4401 4476 4551 4626
4627 4702 4777 4852 4927 5002 5077 5152 5227 5302 48 123 198 273 348 423 498 573 648 723 798 873 948 950 1025 1100 1175 1250 1325 1400 1475 1550 1625 1700 1775 1850 1925 2000 2075 2150 2225 2300 2375 2450 2525 2600 2675 2750 2825 2900 2975 3050 3125 3200 3275 3350 3425 3500 3575 3650 3652 3727 3802 3877 3952 4027 4102 4177 4252 4327 4402 4477 4552
4553 4628 4703 4778 4853 4928 5003 5078 5153 5228 5303 49 124 199 274 349 424 499 574 649 724 799 874 949 951 1026 1101 1176 1251 1326 1401 1476 1551 1626 1701 1776 1851 1926 2001 2076 2151 2226 2301 2376 2451 2526 2601 2676 2751 2826 2901 2976 3051 3126 3201 3276 3351 3426 3501 3576 3578 3653 3728 3803 3878 3953 4028 4103 4178 4253 4328 4403 4478
4479 4554 4629 4704 4779 4854 4929 5004 5079 5154 5229 5304 50 125 200 275 350 425 500 575 650 725 800 875 877 952 1027 1102 1177 1252 1327 1402 1477 1552 1627 1702 1777 1852 1927 2002 2077 2152 2227 2302 2377 2452 2527 2602 2677 2752 2827 2902 2977 3052 3127 3202 3277 3352 3427 3502 3577 3579 3654 3729 3804 3879 3954 4029 4104 4179 4254 4329 4404
4405 4480 4555 4630 4705 480 4855 4930 5005 5080 5155 5230 5305 51 126 201 276 351 426 501 576 651 726 801 876 878 953 1028 1103 1178 1253 1328 1403 1478 1553 1628 1703 1778 1853 1928 2003 2078 2153 2228 2303 2378 2453 2528 2603 2678 2753 2828 2903 2978 3053 3128 3203 3278 3353 3428 3503 3505 3580 3655 3730 3805 3880 3955 4030 4105 4180 4255 4330
4331 4406 4481 4556 4631 4706 4781 4856 4931 5006 5081 5156 5231 5306 52 127 202 277 352 427 502 577 652 727 802 804 879 954 1029 1104 1179 1254 1329 1404 1479 1554 1629 1704 1779 1854 1929 2004 2079 2154 2229 2304 2379 2454 2529 2604 2679 2754 2829 2904 2979 3054 3129 3204 3279 3354 3429 3504 3506 3581 3656 3731 3806 3881 3956 4031 4106 4181 4256
4257 4332 4407 4482 4557 4632 4707 4782 4857 4932 5007 5082 5157 5232 5307 53 128 203 278 353 428 503 578 653 728 803 805 880 955 1030 1105 1180 1255 1330 1405 1480 1555 1630 1705 1780 1855 1930 2005 2080 2155 2230 2305 2380 2455 2530 2605 2680 2755 2830 2905 2980 3055 3130 3205 3280 3355 3430 3432 3507 3582 3657 3732 3807 3882 3957 4032 4107 4182
4183 4258 4333 4408 4483 4558 4633 4708 4783 4858 4933 5008 5083 5158 5233 5308 54 129 204 279 354 429 504 579 654 729 731 806 881 956 1031 1106 1181 1256 1331 1406 1481 1556 1631 1706 1781 1856 1931 2006 2081 2156 2231 2306 2381 2456 2531 2606 2681 2756 2831 2906 2981 3056 3131 3206 3281 3356 3431 3433 3508 3583 3658 3733 3808 3883 3958 4033 4108
4109 4184 4259 4334 4409 444 4559 4634 4709 4784 4859 4934 5009 5084 5159 5234 5309 55 130 205 280 355 430 505 580 655 730 732 807 882 957 1032 1107 1182 1257 1332 1407 1482 1557 1632 1707 1782 1857 1932 2007 2082 2157 2232 2307 2382 2457 2532 2607 2682 2757 2832 2907 2982 3057 3132 3207 3282 3357 3359 3434 3509 3584 3659 3734 3809 3884 3959 4034
4035 4110 4185 4260 4335 4410 4485 4560 4635 4710 4785 4860 4935 5010 5085 5160 5235 5310 56 131 206 281 356 431 506 581 656 658 733 808 883 958 1033 1108 1183 1258 1333 1408 1483 1558 1633 1708 1783 1858 1933 2008 2083 2158 2233 2308 2383 2458 2533 2608 2683 2758 2833 2908 2983 3058 3133 3208 3283 3358 3360 3435 3510 3585 3660 3735 3810 3885 3960
3961 4036 4111 4186 4261 4336 4411 4486 4561 4636 4711 4786 4861 4936 5011 5086 5161 5236 5311 57 132 207 282 357 432 507 582 657 659 734 809 884 959 1034 1109 1184 1259 1334 1409 1484 1559 1634 1709 1784 1859 1934 2009 2084 2159 2234 2309 2384 2459 2534 2609 2684 2759 2834 2909 2984 3059 3134 3209 3284 3286 3361 3436 3511 3586 3661 3736 3811 3886
3887 3962 4037 4112 4187 4262 4337 4412 4487 4562 4637 4712 4787 4862 4937 5012 5087 5162 5237 5312 58 133 208 283 358 433 508 583 585 660 735 810 885 960 1035 1110 1185 1260 1335 1410 1485 1560 1635 1710 1785 1860 1935 2010 2085 2160 2235 2310 2385 2460 2535 2610 2685 2760 2835 2910 2985 3060 3135 3210 3285 3287 3362 3437 3512 3587 3662 3737 3812
3813 3888 3963 4038 4113 4188 4263 4338 4413 4488 4563 4638 4713 4788 4863 4938 5013 5088 5163 5238 5313 59 134 209 284 359 434 509 584 586 661 736 811 886 961 1036 1111 1186 1261 1336 1411 1486 1561 1636 1711 1786 1861 1936 2011 2086 2161 2236 2311 2386 2461 2536 2611 2686 2761 2836 2911 2986 3061 3136 3211 3213 3288 3363 3438 3513 3588 3663 3738
3739 3814 3889 3964 4039 4114 4189 4264 4339 4414 4489 4564 4639 4714 4789 4864 4939 5014 5089 5164 5239 5314 60 135 210 285 360 435 510 512 587 662 737 812 887 962 1037 1112 1187 1262 1337 1412 1487 1562 1637 1712 1787 1862 1937 2012 2087 2162 2237 2312 2387 2462 2537 2612 2687 2762 2837 2912 2987 3062 3137 3212 3214 3289 3364 3439 3514 3589 3664
3665 3740 3815 3890 3965 4040 4115 4190 4265 4340 4415 4490 4565 4640 4715 4790 4865 4940 5015 5090 5165 5240 5315 61 136 211 286 361 436 511 513 588 663 738 813 888 963 1038 1113 1188 1263 1338 1413 1488 1563 1638 1713 1788 1863 1938 2013 2088 2163 2238 2313 2388 2463 2538 2613 2688 2763 2838 2913 2988 3063 3138 3140 3215 3290 3365 3440 3515 3590
3591 3666 3741 3816 3891 3966 4041 4116 4191 4266 4341 4416 4491 4566 4641 4716 4791 4866 4941 5016 5091 5166 5241 5316 62 137 212 287 362 437 439 514 589 664 739 814 889 964 1039 1114 1189 1264 1339 1414 1489 1564 1639 1714 1789 1864 1939 2014 2089 2164 2239 2314 2389 2464 2539 2614 2689 2764 2839 2914 2989 3064 3139 3141 3216 3291 3366 3441 3516
3517 3592 3667 3742 3817 3892 967 4042 4117 4192 4267 4342 4417 4492 4567 4642 477 4792 4867 4942 5017 5092 5167 5242 5317 63 138 213 288 363 438 440 515 590 665 740 815 890 965 1040 1115 1190 1265 1340 1415 1490 1565 1640 1715 1790 1865 1940 2015 2090 2165 2240 2315 2390 2465 2540 2615 2690 2765 2840 2915 2990 3065 3067 3142 3217 3292 3367 3442
3443 3518 3593 3668 3743 3818 3893 3968 4043 4118 4193 4268 4343 4418 4493 4568 4643 4718 4793 4868 4943 5018 5093 5168 5243 5318 64 139 214 289 364 366 441 516 591 666 741 816 891 966 1041 1116 1191 1266 1341 1416 1491 1566 1641 1716 1791 1866 1941 2016 2091 2166 2241 2316 2391 2466 2541 2616 2691 2766 2841 2916 2991 3066 3068 3143 3218 3293 3368
3369 3444 3519 3594 3669 3744 3819 3894 3969 4044 4119 4194 4269 4344 4419 4494 4569 4644 4719 4794 4869 4944 5019 5094 5169 5244 5319 65 140 215 290 365 367 442 517 592 667 742 817 892 967 1042 1117 1192 1267 1342 1417 1492 1567 1642 1717 1792 1867 1942 2017 2092 2167 2242 2317 2392 2467 2542 2617 2692 2767 2842 2917 2992 2994 3069 3144 3219 3294
3295 3370 3445 3520 3595 3670 3745 3820 3895 3970 4045 4120 4195 4270 4345 4420 4495 4570 4645 4720 4795 4870 4945 5020 5095 5170 5245 5320 66 141 216 291 293 368 443 518 593 668 743 818 893 968 1043 1118 1193 1268 1343 1418 1493 1568 1643 1718 1793 1868 1943 2018 2093 2168 2243 2318 2393 2468 2543 2618 2693 2768 2843 2918 2993 2995 3070 3145 3220
3221 3296 3371 3446 3521 3596 3671 3746 3821 3896 3971 4046 4121 4196 4271 4346 4421 4496 4571 4646 4721 4796 4871 4946 5021 5096 5171 5246 5321 67 142 217 292 294 369 444 519 594 669 744 819 894 969 1044 1119 1194 1269 1344 1419 1494 1569 1644 1719 1794 1869 1944 2019 2094 2169 2244 2319 2394 2469 2544 2619 2694 2769 2844 2919 2921 2996 3071 3146
3147 3222 3297 3372 3447 3522 3597 3672 3747 3822 3897 3972 4047 4122 4197 4272 4347 4422 4497 4572 4647 4722 4797 4872 4947 5022 5097 5172 5247 5322 68 143 218 220 295 370 445 520 595 670 745 820 895 970 1045 1120 1195 1270 1345 1420 1495 1570 1645 1720 1795 1870 1945 2020 2095 2170 2245 2320 2395 2470 2545 2620 2695 2770 2845 2920 2922 2997 3072
3073 3148 3223 3298 3373 3448 3523 3598 3673 3748 3823 3898 3973 4048 4123 4198 4273 4348 4423 4498 4573 4648 4723 4798 4873 4948 5023 5098 5173 5248 5323 69 144 219 221 296 371 446 521 596 671 746 821 896 971 1046 1121 1196 1271 1346 1421 1496 1571 1646 1721 1796 1871 1946 2021 2096 2171 2246 2321 2396 2471 2546 2621 2696 2771 2846 2848 2923 2998
2999 3074 3149 3224 3299 3374 3449 3524 3599 3674 3749 3824 3899 3974 4049 4124 4199 4274 4349 4424 4499 4574 4649 4724 4799 4874 4949 5024 5099 5174 5249 5324 70 145 147 222 297 372 447 522 597 672 747 822 897 972 1047 1122 1197 1272 1347 1422 1497 1572 1647 1722 1797 1872 1947 2022 2097 2172 2247 2322 2397 2472 2547 2622 2697 2772 2847 2849 2924
2925 3000 3075 3150 3225 3300 3375 3450 3525 3600 3675 3750 3825 3900 375 4050 4125 4200 4275 4350 4425 4500 4575 4650 4725 4800 4875 4950 5025 5100 5175 5250 5325 71 146 148 223 298 373 448 523 598 673 748 823 898 973 1048 1123 1198 1273 1348 1423 1498 1573 1648 1723 1798 1873 1948 2023 2098 2173 2248 2323 2398 2473 2548 2623 2698 2773 2775 2850
2851 2926 3001 3076 3151 3226 3301 3376 3451 3526 3601 3676 3751 3826 3901 3976 4051 4126 4201 4276 4351 4426 4501 4576 4651 4726 4801 4876 4951 5026 5101 5176 5251 5326 72 74 149 224 299 374 449 524 599 674 749 824 899 974 1049 1124 1199 1274 1349 1424 1499 1574 1649 1724 1799 1874 1949 2024 2099 2174 2249 2324 2399 2474 2549 2624 2699 2774 2776
2777 2852 2927 3002 3077 3152 3227 3302 3377 342 3527 3602 3677 3752 3827 3902 3977 4052 4127 4202 4277 4352 4427 4502 4577 4652 4727 4802 4877 4952 5027 5102 5177 5252 5327 73 75 150 225 300 375 450 525 600 675 750 825 900 975 1050 1125 1200 1275 1350 1425 1500 1575 1650 1725 1800 1875 1950 2025 2100 2175 2250 2325 2400 2475 2550 2625 2700 2702
2703 2778 2853 2928 3003 3078 3153 3228 3303 3378 3453 3528 3603 3678 3753 3828 3903 3978 4053 4128 4203 4278 4353 4428 4503 4578 4653 4728 4803 4878 4953 5028 5103 5178 5253 5328 1 76 151 226 301 376 451 526 601 676 751 826 901 976 1051 1126 1201 1276 1351 1426 1501 1576 1651 1726 1801 1876 1951 2026 2101 2176 2251 2326 2401 2476 2551 2626 2701
