1000
1 7737 3101
3 4132 7798
9 9252 428
23 4114 4622
20 5420 7758
4 2058 1225
9 2757 818
22 9654 9413
8 2583 7400
18 775 1010
1 6584 2835
15 2268 4817
25 2764 4701
21 9186 6631
7 4007 3780
11 3500 8140
26 8577 8731
23 1262 6252
6 2221 5541
19 9640 1314
7 3134 8113
19 9064 2534
12 9336 4873
12 3831 1472
6 1211 4530
13 8341 6783
21 5133 3221
4 9091 3008
25 5156 5207
7 4916 9706
25 4273 3613
20 2012 1552
17 6142 9904
2 1717 9732
24 858 3663
22 8856 1544
22 7501 7287
12 7099 4630
18 1416 7111
24 5991 228
8 8748 9456
1 1178 461
10 4423 9744
18 3933 2353
16 9382 560
13 2198 9568
24 7884 3386
23 1550 9661
1 8856 8661
11 6530 3148
11 3634 2687
23 4475 189
2 3487 2777
14 7488 8417
5 9466 9616
12 120 1429
11 6640 7256
9 9604 7158
22 8165 8864
4 534 4443
17 5493 6305
4 9397 9456
18 1801 7810
2 917 7877
26 2759 716
20 7568 1733
23 16 2373
21 3123 9027
10 7883 4231
8 2156 719
25 533 191
22 672 8639
23 7181 6926
9 927 6409
15 4881 1074
3 8672 9138
14 5136 6362
22 1136 428
8 9249 3390
4 5320 4183
15 6002 2797
6 4497 4011
22 9974 4959
8 6948 1982
18 6769 3349
24 9846 3306
18 7992 4389
11 1609 1505
26 4966 5533
3 1774 4793
24 8513 1494
18 6726 8317
2 5517 542
26 7405 3979
25 1678 2170
15 6127 6272
5 8656 7970
8 6416 8791
6 9136 2085
26 5996 2391
10 1176 6847
13 7872 7050
16 195 3212
13 2205 6807
7 7582 9029
14 4517 2716
24 4070 5909
7 1456 3941
17 7644 3338
1 1899 5451
16 4519 5763
19 3658 9576
3 6805 4831
12 3422 1238
26 475 6160
10 220 5098
4 6516 6408
18 3943 3533
25 7118 2355
11 3130 3416
7 8621 8465
7 8168 8341
22 6031 7683
17 7932 7125
18 1752 2875
16 8113 3825
24 6702 7402
15 7769 2290
20 7124 8859
26 7529 8369
8 6978 2565
1 9366 9154
5 3608 8974
6 5631 2533
26 8660 8269
21 2483 6494
26 2124 4091
2 4007 8772
17 937 3384
5 8153 2153
14 4076 5593
24 4685 5640
1 9273 2156
19 7271 7256
19 5460 7860
24 4317 8370
2 9233 2179
4 2756 8399
21 5198 7649
6 7928 1183
25 1274 1180
20 1804 9771
1 8492 3032
19 3480 473
16 2736 1263
11 6828 8923
15 8886 1924
14 7203 1991
16 2173 7601
7 1521 3544
15 7430 5482
15 2868 6493
24 6728 6147
15 7873 4879
8 4723 9894
1 5896 2750
2 9203 297
3 8841 125
23 7202 1367
8 5431 6285
4 4240 6257
9 7537 7043
8 5447 729
10 9839 7613
14 5442 2286
20 9790 5631
12 3503 291
13 2592 4012
11 3601 2328
22 2039 2979
24 7072 8730
24 4746 1460
15 427 6735
23 5251 519
21 4374 7415
10 8797 9439
22 1574 723
19 6684 7833
26 6617 2194
12 1240 1938
20 8250 3068
6 3763 9107
21 8430 6262
20 3438 8277
8 7014 1486
13 5992 4901
16 8341 3134
13 8262 8674
22 11 7193
8 8908 8009
2 7748 2758
24 1294 910
25 3723 3074
9 9741 9778
20 3037 9120
2 9872 2859
6 3214 5885
25 5374 3150
23 9289 4880
26 6755 2483
23 2499 2488
19 6846 9246
26 1025 5037
23 6123 57
1 2320 5601
1 3792 4512
16 6869 1662
4 952 3674
3 4000 2651
4 4312 6163
25 7803 7241
19 2989 1093
12 3566 4575
4 4122 5004
20 374 3362
1 295 4487
16 3753 2218
7 3377 5275
5 9543 8129
2 9044 6047
12 8224 1122
2 2853 2906
7 7654 9392
15 3854 7161
2 9226 8916
11 3135 4234
19 8311 8844
15 4382 5773
9 6296 343
1 4140 4951
17 1810 4257
10 7002 9958
3 3626 6898
14 4101 1314
22 920 3200
2 8063 1257
18 4053 331
20 718 7721
8 3397 9366
15 1572 3407
16 5341 8576
21 3793 8695
22 8375 3115
1 2832 7167
14 1250 6630
5 2674 9323
3 9081 2502
11 5858 1741
17 9119 222
12 4671 5928
12 2835 8002
22 7975 1655
9 1487 3815
26 8486 8099
10 6379 4751
18 2707 8123
13 1315 6093
14 6313 9451
1 3484 4699
23 8054 1022
12 331 581
13 1030 9464
16 4998 7434
3 735 5410
19 9528 9541
26 5861 9181
10 2072 4163
17 4785 8887
3 4153 4386
11 3973 8773
6 6523 1336
22 9490 8572
16 1329 2227
15 3837 5341
26 3172 598
19 6546 510
10 9531 2338
19 8783 7228
23 3361 856
17 4270 6144
5 678 9567
6 448 426
11 3148 1808
13 4725 2720
14 2097 6916
2 2407 1359
26 1131 8453
4 7383 2945
26 8204 6037
19 2917 5776
1 1534 6235
5 2038 5115
21 7160 1380
18 2553 6038
23 9885 1494
8 9805 5265
21 4024 3247
2 3200 883
26 887 531
15 3267 121
23 2955 3584
8 8095 9796
6 1159 6629
19 488 3685
11 3212 987
23 1701 8411
16 9964 977
26 1764 1197
17 4752 9714
23 9494 8186
9 1329 4643
3 7717 6067
7 3124 6404
5 6441 6616
5 3786 6568
7 1490 9908
10 8745 3952
4 3992 4960
23 8410 1609
16 6470 170
19 7081 9090
21 54 842
2 7516 3537
7 3127 52
8 8213 224
8 6085 2931
24 8133 9345
6 7407 2309
3 1877 4012
15 397 5102
26 2171 3395
24 8039 4978
21 5305 6745
8 4630 6434
24 4985 4405
13 4426 5802
1 8604 1446
14 4748 6887
9 5649 1559
24 1747 6369
24 6602 2627
1 5934 6776
25 6115 9352
1 6638 4417
14 6769 666
24 2492 223
6 3848 7777
3 8620 9641
19 8573 1657
13 8255 5786
25 8078 9659
26 3275 2739
1 7374 2719
22 1131 3922
8 8595 9
14 6845 443
26 2517 6370
8 3005 2911
17 5904 394
23 5483 7385
9 6060 9490
17 1058 8695
16 1526 9296
22 6187 6231
25 142 357
13 5558 4162
19 9447 267
20 981 1664
24 2424 1106
25 9259 9587
1 1508 8660
4 4407 9703
26 961 929
24 1174 3231
11 2653 9107
11 9382 7837
15 8802 8413
12 6086 8349
4 2790 5178
3 3590 3479
19 4816 1530
6 590 134
9 2009 9368
16 3819 7530
18 9628 447
5 9691 2574
10 4087 260
6 8790 8502
4 8050 3062
5 3474 4336
20 2678 5204
13 2917 937
8 9337 1509
17 9832 9528
3 7603 697
4 8073 6321
9 9554 6487
5 3716 6711
26 2113 5011
6 6324 1578
13 5164 2768
18 5164 7665
1 864 6479
15 3327 8424
6 2629 1275
2 9623 4597
3 5998 1651
9 7057 678
2 1644 7148
3 4285 3121
26 3986 4346
9 2125 6107
23 7489 6751
24 4856 9607
25 8812 6019
10 3579 781
15 8179 3141
24 3225 8256
19 4635 4297
6 7271 9427
20 1913 3506
21 1080 6203
11 7935 5232
11 9815 4274
8 5870 6401
17 2645 4713
14 8892 1110
19 4439 8022
11 6740 4558
23 745 2088
18 650 3200
12 7803 4386
8 1751 5227
26 9115 225
17 2589 7533
2 9012 9821
23 4242 3451
4 8625 2139
4 1100 5490
23 3104 4472
7 5727 8486
18 3839 927
8 3354 8181
18 664 2756
3 6281 1804
11 6936 6382
21 8066 3600
5 6382 2650
1 5565 7393
2 4205 8716
22 7060 1012
17 8557 9677
6 5571 9685
12 9173 9877
25 1214 7830
6 6836 2757
6 9828 2756
4 625 2191
3 4145 1525
3 3663 7049
6 1315 6344
25 1556 808
15 7414 1832
15 9714 3851
19 2163 5887
23 6981 6897
18 3002 6725
6 1430 7417
6 5252 2041
10 4920 5615
26 8351 7852
19 1544 9249
23 1819 1009
23 299 49
21 3368 9861
16 2363 9158
2 2470 7243
15 328 7885
18 6617 9429
1 9261 3486
9 7603 9758
25 6083 9434
7 297 6885
22 6852 3249
6 7747 133
23 8995 8839
19 5792 7376
25 3126 4819
11 4124 4148
22 6680 1293
1 7867 9627
9 8256 6793
16 9949 514
21 7197 4478
13 8863 6960
15 4398 2506
9 2038 9943
19 4128 9997
24 2381 7619
13 1928 7838
19 8868 3239
21 7926 8243
10 9214 6109
7 6162 5140
22 2082 6860
8 3579 6559
7 1472 2100
24 9930 4921
24 985 5381
19 8777 4617
7 8752 6515
21 6129 6519
24 7452 6651
21 4902 7814
1 5983 8406
24 127 4559
24 1823 3996
7 1834 9836
14 5248 7760
21 6025 4221
3 6951 7052
10 5347 1315
16 8047 6048
19 2260 4083
11 7967 6534
15 1118 587
25 9271 1175
5 8034 1949
19 1367 72
24 8037 1798
22 6118 9302
10 1792 8036
9 5618 6114
14 1462 4742
23 2394 2816
8 7744 183
15 7767 9735
1 7151 5813
26 308 7335
3 916 775
9 9286 2179
15 4559 4753
25 584 7831
26 2459 3301
13 6185 8924
9 4457 9126
20 2696 237
14 3511 4313
2 1331 7855
9 8316 6174
18 9025 9351
3 6330 5211
18 4255 2406
18 2781 737
21 3183 1222
12 969 7678
4 3720 1513
11 4118 1286
8 4655 81
16 952 155
21 6814 1658
16 7247 6024
25 3924 7956
24 6305 4982
20 276 7529
2 8920 9532
23 7375 6293
13 7169 7072
25 3734 4451
9 4044 4926
18 8207 924
26 1549 9234
26 7228 1019
22 6816 8862
12 5011 3775
13 545 7290
13 1408 8362
16 5096 2307
20 4346 8690
24 8613 8334
21 9273 9156
1 7101 224
9 2000 4871
23 5876 2753
21 3408 8285
6 5423 3448
10 5346 6933
4 7710 9217
3 3319 6895
22 9328 3860
3 4644 2268
19 3713 3731
19 2246 6723
14 8116 7752
12 3071 5143
3 3823 863
11 952 9345
10 1470 1247
13 9129 9550
3 1145 6502
13 9910 1445
7 2891 4541
15 9631 5184
24 997 3553
18 4765 3512
3 6315 2473
9 8632 2409
7 4919 5757
19 4497 3998
5 7606 2929
24 2863 8414
6 8958 6240
15 4978 8451
6 5369 8691
16 21 3211
16 5283 5333
19 3038 8623
8 7690 8748
10 1800 2221
12 397 3732
24 3476 5387
26 1138 4628
4 9581 9973
10 4515 6815
19 3665 4982
17 4847 3424
19 6206 2765
18 9943 1001
3 5591 2602
20 7714 5450
11 67 8814
3 5137 1548
6 3037 5992
25 9593 3570
21 6694 8390
26 1765 6467
22 7864 9881
15 932 8000
5 5950 8287
25 8662 7243
11 3184 2567
19 5173 8825
8 3038 5398
23 9909 9534
8 4488 8
19 7813 4287
20 7314 786
23 7124 635
26 4601 7808
10 1080 8063
25 8465 5986
15 8662 8625
8 2710 1434
14 9164 7239
3 7560 7520
3 1588 2086
11 9267 4045
6 9700 3357
12 1438 5691
20 7405 4161
11 69 5362
10 549 4486
10 9009 4543
24 9909 8125
14 7510 7829
20 6273 3961
6 7274 699
17 5260 3599
21 3673 3020
25 3434 1065
23 1868 2153
2 5627 9221
3 5522 4931
18 7185 3984
22 2446 4835
12 8663 3409
3 3274 1213
14 2065 3158
11 7424 20
22 6702 8625
13 2482 6301
5 5388 2601
24 4344 9652
25 636 5425
14 8050 875
16 8195 1195
16 2467 1908
14 5012 9820
16 3183 9155
9 4270 4981
17 187 7389
10 103 3171
8 5651 3709
20 6992 5759
21 7364 7678
24 8602 9205
11 7682 7943
19 9198 4442
25 3948 8446
15 5612 7165
5 6884 3030
13 1124 4641
9 5349 9230
11 2755 5086
4 4164 3310
6 2301 972
3 706 8970
17 7626 1208
16 5533 3025
19 1823 4428
26 2962 2648
14 3311 2931
16 1904 8320
20 9469 1993
2 2733 3203
10 2402 1728
15 6784 491
2 5796 1757
14 4824 4452
9 2987 7571
13 6421 395
25 2169 8406
7 8167 4357
12 294 3705
11 6779 9286
17 2226 6137
22 2160 3346
20 8589 1565
3 2746 4896
1 9485 9907
5 3051 8230
26 785 7468
4 2510 4235
19 5295 2890
11 8142 1976
15 330 4781
16 1061 6393
20 2485 9411
2 2458 4713
24 9581 6707
25 5358 5949
26 9619 2882
25 1094 1114
17 776 230
12 4335 1506
22 788 1669
10 2703 9450
13 3364 7752
4 953 5429
20 6113 7451
23 9787 1604
22 9494 9383
9 5705 9797
11 7305 2474
6 6678 9050
25 186 4437
15 22 1271
11 6016 4860
25 6280 5719
26 5154 9938
7 5269 672
9 6539 681
21 7492 2570
23 3236 1486
2 5297 2771
13 3017 9770
13 7487 642
7 5865 4254
2 564 8677
12 7599 5561
8 5217 9439
26 1178 4305
12 5609 2625
1 8446 7398
25 4013 5513
17 8072 3462
6 4813 7008
3 9987 1500
4 3678 7842
11 6997 5045
4 5195 3667
26 9319 6858
12 6567 6866
23 7540 6854
25 5353 1047
9 8268 8377
1 9794 7561
2 2021 7011
20 981 6721
20 8666 8870
8 3490 7782
13 5022 8508
3 9617 434
19 9441 1857
16 7756 8969
7 6775 5677
6 1695 9449
2 3785 9674
12 3568 8322
21 1180 5360
23 2872 3820
15 8120 9345
20 3013 1571
15 5383 7869
24 9428 8001
1 4514 8089
5 2342 9790
2 4154 3149
5 3072 8072
1 2664 4084
19 7877 249
6 5133 5139
26 560 1532
5 7631 2710
10 8657 6083
21 3362 7711
2 9209 2163
1 1263 6473
25 4709 6380
25 3640 3733
11 4095 4387
3 3666 1953
21 2397 9060
18 9614 6739
25 1869 2214
16 8204 1637
18 9412 3226
26 7715 5387
13 8987 9614
4 6986 9620
23 4422 3934
19 2451 5258
11 7903 2899
1 9540 6966
10 1999 8434
11 2243 8260
2 4680 5520
21 8929 4479
15 4510 2855
16 8227 3734
8 532 5721
21 5610 8915
8 7554 4001
13 2338 447
11 7976 1040
1 787 5155
3 1398 6761
17 6184 156
19 7112 3696
18 6179 8964
1 9085 2035
20 3275 1716
7 1723 6114
4 421 2569
24 2539 8392
19 1216 2241
1 3572 6388
13 4246 4783
14 2549 8901
4 8677 5867
26 395 9662
23 4066 2548
7 6176 9125
13 6234 7710
21 374 9935
3 6703 2142
15 7400 6726
8 6176 6290
18 6849 4100
1 3175 7154
16 8133 6848
19 6681 4156
14 1689 4245
22 6657 4032
19 7217 4037
6 6458 7207
20 2929 2544
1 2934 4182
9 9166 9742
10 4984 2613
26 5874 9721
16 696 9531
3 8369 3720
17 5770 6059
19 8576 8775
7 194 8376
17 4614 6604
15 5768 2937
14 8714 2255
19 9962 9085
12 4323 8229
23 6 8037
10 8906 6982
22 6649 4636
22 7373 3529
2 7799 3294
15 4555 5715
24 6984 6903
20 4211 9138
19 1098 8784
16 8134 6802
16 4417 1244
16 2228 9094
4 8515 3941
12 4968 3050
11 9380 1763
25 2499 8984
6 778 1798
12 483 9427
25 98 257
1 1963 2474
1 839 8911
11 8242 7448
5 4669 6110
8 3969 9213
16 5045 2025
2 3994 8922
11 6970 8798
20 9154 2071
3 6041 7152
7 4271 5739
16 345 8347
1 425 8078
4 1645 8967
22 4030 7211
8 7928 3572
4 6836 5531
23 4885 699
5 1085 7038
7 2739 4170
7 7662 1858
15 8100 5048
18 6692 904
9 8395 3710
14 9063 3145
1 225 5044
1 3308 1401
8 3800 6509
4 3406 648
12 6807 5556
23 786 36
10 8983 8119
9 3210 2916
9 6731 688
15 1361 1709
7 2186 4850
3 4891 6619
12 2180 26
7 9837 6585
19 58 1510
11 4196 6895
17 8199 255
1 8221 1976
8 6302 8549
25 841 7285
8 4310 1502
21 6939 1400
17 266 8920
10 819 2261
18 8129 1102
19 2519 8011
15 1145 7213
26 4392 9611
8 7126 9590
22 7661 7196
9 6927 7120
20 600 7015
15 8848 7871
22 7700 5889
21 16 4562
4 3880 6494
11 508 7697
6 5838 3976
18 1398 543
10 8265 74
21 2464 7244
23 4386 3036
24 3554 6588
3 7005 5502
15 9969 1870
21 2719 5831
16 8068 2869
19 1130 1731
9 4535 3621
26 2052 5530
19 8733 3773
22 7909 6089
26 4512 1829
22 3330 5016
22 1436 7759
