2
0.000001000001
5
0.0011 0.01 0.1 1.0
10
1.0 0.5 0.333333333 0.25 0.2 0.16666666 0.142857143 0.125 0.111111111
100
1.0 0.9 0.8 0.9 1.0 1.0 0.9 0.8 0.9 1.0 1.0 0.9 0.8 0.9 1.0 1.0 0.9 0.8 0.9 1.0 1.0 0.9 0.8 0.9 1.0 1.0 0.9 0.8 0.9 1.0 1.0 0.9 0.8 0.9 1.0 1.0 0.9 0.8 0.9 1.0 1.0 0.9 0.8 0.9 1.0 1.0 0.9 0.8 0.9 1.0 1.0 0.9 0.8 0.9 1.0 1.0 0.9 0.8 0.9 1.0 1.0 0.9 0.8 0.9 1.0 1.0 0.9 0.8 0.9 1.0 1.0 0.9 0.8 0.9 1.0 1.0 0.9 0.8 0.9 1.0 1.0 0.9 0.8 0.9 1.0 1.0 0.9 0.8 0.9 1.0 1.0 0.9 0.8 0.9 1.0 1.0 0.9 0.8 0.9
100
0.8 0.9 1.0 1.0 0.9 0.8 0.9 1.0 1.0 0.9 0.8 0.9 1.0 1.0 0.9 0.8 0.9 1.0 1.0 0.9 0.8 0.9 1.0 1.0 0.9 0.8 0.9 1.0 1.0 0.9 0.8 0.9 1.0 1.0 0.9 0.8 0.9 1.0 1.0 0.9 0.8 0.9 1.0 1.0 0.9 0.8 0.9 1.0 1.0 0.9 0.8 0.9 1.0 1.0 0.9 0.8 0.9 1.0 1.0 0.9 0.8 0.9 1.0 1.0 0.9 0.8 0.9 1.0 1.0 0.9 0.8 0.9 1.0 1.0 0.9 0.8 0.9 1.0 1.0 0.9 0.8 0.9 1.0 1.0 0.9 0.8 0.9 1.0 1.0 0.9 0.8 0.9 1.0 1.0 0.9 0.8 0.9 1.0 0.9
0
