1
1000 10000 1011 100000
85789 854869
26592 459969
93794 945863
79686 44193
99289 903392
796 290972
13613 145403
41094 235745
44951 891958
40438 84709
82475 974864
58925 488928
98085 842452
90550 115782
20522 591332
36844 47297
48394 939544
47614 368341
11246 109097
63355 925467
53852 612858
29892 108839
3671 999260
51371 150258
38695 104687
23839 871028
304 991018
59226 406999
77307 94319
72159 705962
12404 952920
92602 826228
12964 928541
68729 605160
38655 509076
89503 332327
15434 907460
99006 694652
48738 263447
75235 749489
20901 522611
58021 864141
75079 54364
55126 827621
26028 873683
16964 765609
42088 976762
14928 70788
53037 916950
84969 554821
22480 961002
45803 231655
72043 233407
26278 798340
9598 630227
85675 169605
62978 814799
21528 514486
49257 940093
45014 603937
39620 6004
84081 746173
18602 411649
16797 556156
44029 494337
36503 474301
61950 896316
271 456418
98009 198321
54402 980869
56133 559155
54683 597713
52151 832188
37270 945768
82789 99473
43252 368209
31372 718779
66782 155210
72540 980010
44790 848515
87312 21350
80301 519594
73434 289541
68632 391383
16176 960167
10140 196381
69907 771382
77504 680663
76925 402840
74425 78020
13676 66934
82040 466993
73935 337671
98811 552447
70462 577307
7323 160971
78328 211515
10958 953484
49587 277780
35010 684285
56410 510796
36164 316791
94387 687706
9881 366023
91037 228743
19375 809429
54437 939374
93559 369440
18789 911780
50662 999627
99537 331050
51470 239496
57060 169104
26089 418917
99779 138265
20683 302021
43436 199730
6489 258489
69983 450575
26064 678600
61799 858591
45387 721613
46211 915768
96640 789870
40174 265241
5423 180911
59478 446928
97127 609395
52349 836634
56396 790204
43973 45407
33293 358804
54850 787916
95475 669935
14874 793658
20237 496224
89380 706847
28604 358074
93232 303435
62574 843784
91601 141061
89735 578123
45533 592707
3785 90048
79670 314336
72909 161977
24887 337945
55271 747069
5316 866599
61154 4829
84580 993572
5935 772365
96594 475278
20359 514846
56889 490567
1626 921134
22209 127985
65672 995878
29320 72255
59434 239438
85491 938660
51972 161537
49864 110924
9336 327902
19989 314665
82260 967343
35263 267569
41785 677207
69408 163146
65267 970049
30420 397501
12009 458821
10347 440903
75325 245893
49026 865874
40666 284174
78009 690037
81731 537438
39486 482410
83728 49197
55198 382552
60359 926849
55609 73786
51989 315977
11844 285201
16625 530583
16168 295586
32356 834527
91160 617372
7594 413514
52677 802571
7779 620554
21448 75748
67553 378347
89611 253961
54846 115437
38773 439776
79500 171697
39933 687500
89714 493912
12886 484252
75659 539889
98821 230678
66813 65880
4409 554246
91252 524893
96819 285431
50146 131506
41522 294812
4287 664383
91896 915648
39011 243688
37179 415813
61451 58852
32997 250825
30898 445419
19334 325626
70777 802853
51495 532200
50260 300493
69421 376063
18504 16218
87321 299549
93639 396758
53230 798713
15481 380871
72651 522080
67825 350477
67110 597243
58959 991144
22052 335052
36757 470077
87825 751962
5222 315849
25216 323005
49623 898058
63672 906077
13896 402313
96085 35365
64714 830999
23657 99389
34944 384790
3714 911051
22474 13121
62910 520109
84078 41800
17414 928798
46409 368645
10930 724751
46967 707137
69140 615485
66483 38809
65616 599838
60425 646616
98644 888923
22361 761612
15554 651792
19467 344795
83604 515879
24614 834822
82270 801410
44293 242362
82340 295750
56627 486971
431 214311
83942 845363
19333 295321
18971 541785
69074 851423
13342 972827
83413 646292
84866 170371
68529 281413
22926 171901
53853 540779
50361 118978
79505 642912
66067 696622
93300 913646
9384 379692
32719 196588
97168 733401
98158 889020
97298 563592
60902 817916
57329 16502
86203 589658
76708 643357
5596 677925
10530 607409
89991 775487
82378 734667
84847 839720
42936 325209
91217 684840
76110 857501
35364 971983
9510 897061
2449 136694
93931 838701
78493 220138
10745 555457
84989 155135
8813 383935
99515 293975
16092 381284
93429 61604
83925 359372
63669 902613
37387 637682
2287 343854
60463 322433
88105 168701
32623 981440
67481 345239
54976 816352
14602 825517
63077 570137
98834 214337
21824 316215
425 99759
18769 932227
40436 857839
70046 399235
68677 401575
25949 275800
41459 880352
65191 514527
73515 804688
87055 691237
22626 296633
84979 120376
45480 798777
59464 509165
53963 931770
45669 220323
16070 736334
60141 56774
42897 574902
57337 918707
84718 145867
9473 300982
44781 151578
11297 979271
19771 251879
35284 88045
2454 256203
57573 535550
93206 825073
70443 195251
74621 550952
16034 285434
99773 445983
81797 687672
91640 556073
75720 67140
76147 541483
39302 495547
60887 324334
81104 255682
78988 444886
68721 940571
78659 988213
48972 327060
44486 753146
3991 580883
66267 312557
52418 60983
12539 89310
68103 742320
32882 272648
94240 233430
52518 582868
78039 453157
32293 449368
54877 474881
32852 8188
32583 794912
87437 880965
60150 249890
6317 293207
83344 552048
65425 427503
54831 632351
12951 328276
27454 280462
8255 447276
24429 748285
76640 329745
95378 555688
11999 10259
61339 896261
80305 729229
94148 444787
721 150007
60129 86975
71886 928295
44477 709253
15712 412443
84241 537420
99741 406289
63866 344835
28667 66053
10500 252965
54624 594862
46741 906668
96416 384484
34205 53651
92059 280013
42262 840914
27708 657611
58114 110257
73742 751120
16428 649246
81083 317561
76930 387478
24541 165642
51359 581421
65600 459790
48456 836998
49148 843587
13641 63399
75617 67614
15747 516680
51444 619123
35555 240225
35220 230985
31233 989451
92709 470214
23748 151216
94264 55402
34766 143955
67689 441478
19 71663
55995 774977
28233 932879
58759 55334
67387 727133
71251 124440
46717 340028
55414 452944
99490 566510
3101 613954
55959 158307
51810 248334
89592 119557
99319 994847
22479 802251
74045 398988
19486 389569
94040 836310
13872 950513
47369 594899
60112 342504
58828 531324
21044 449216
92775 493106
52881 842081
30943 801692
46144 102958
50114 722085
92384 117987
6446 971037
21864 105249
36283 773157
73210 489504
68635 836119
28216 914192
70570 871835
37876 323937
97651 503010
77336 987999
90986 526002
67956 895444
90088 564976
68180 229342
74404 627309
47443 781790
6460 758144
95479 376948
27997 963591
94524 887925
42230 302541
39257 611430
87060 325025
48210 990359
49494 120287
94259 439269
19220 484247
37319 174417
99680 810076
94653 375065
11895 109983
55386 650591
60389 808330
87010 56092
85700 738048
83915 744976
26553 877532
47196 719781
93773 362238
55455 894145
80830 575361
82629 604497
78911 792113
92759 225735
99506 879597
83908 972994
81275 912032
7660 659602
52296 343778
51748 665892
60868 14215
44571 402881
94040 847560
4781 651661
66906 819387
42504 652159
35506 476403
56497 253733
40138 726012
53730 7677
75055 634587
4660 745241
59572 621014
78889 330724
49708 366468
36682 498573
31955 973858
1621 370020
61480 361626
5518 667156
96828 25720
96794 31755
98064 212723
81406 5047
9093 957588
27702 655060
69434 595027
90060 615628
84419 970951
60608 380378
73252 95903
89766 308052
83518 400969
24824 87698
50760 552877
6044 732315
26694 442423
81994 585537
86025 344408
37460 216241
1512 28708
82453 141716
57684 90095
83149 797112
93712 704603
84262 530056
23999 32364
23481 953309
84294 338170
22327 822173
76255 955997
76407 607698
29828 153795
94914 46871
34667 951070
65277 864633
27358 317449
41038 783158
89045 224780
84796 923306
50945 516672
18650 798244
22486 251809
40204 829648
93843 819586
63674 469407
26014 454983
14832 409309
37240 388287
55763 29
45796 587403
7267 247542
32400 874147
15513 264409
2492 542579
77152 820097
97654 308187
74585 19723
28167 55730
58806 674104
22749 621393
60754 155139
27827 926529
99470 732199
29890 280198
56493 552756
83759 71103
61480 748296
79507 813585
47911 134979
39151 626921
54959 252543
51783 395584
64565 315299
22317 656913
74352 58755
35968 59447
52708 777830
1562 193757
77000 714804
87552 821283
17505 803232
88532 59769
13086 141126
48155 476223
55496 734751
16444 951479
10674 731299
97010 148658
23376 639840
69986 687199
57452 665609
67762 765048
87215 547054
84064 60308
21192 867089
49361 358486
97509 382696
11343 311247
12499 247314
81494 297017
21072 237186
9896 567673
51575 608834
19985 445867
1228 303170
73413 43066
74716 879872
41308 504282
47181 156758
32299 549990
44780 666399
68487 802318
61588 106549
13974 381779
61007 688613
75135 533432
55322 155281
10355 499649
64394 325716
91577 655161
87521 929946
94038 26644
12112 489322
99733 366314
36171 874
65588 952439
11565 993105
25272 298233
17783 155659
93532 442084
36979 851698
92924 67461
70327 667755
45583 771004
25188 931326
99493 954578
35580 197253
50253 721663
50711 756282
98586 699183
63978 139659
60698 828133
5083 758255
31849 628387
17702 497125
58342 695619
58972 814609
6005 347773
67510 514730
93632 517227
42907 894241
92081 772309
32226 356423
21179 880697
37339 719213
86652 669957
60897 528181
93992 432931
83354 531470
83980 631447
34910 510758
38886 672736
2147 78696
76975 858497
14913 242861
95600 21284
97892 458135
96691 65138
30544 248885
63333 789997
69649 404559
73240 831058
15784 528183
48309 604851
11392 739717
60658 741301
89804 332725
95930 345282
30899 337694
42065 48181
6747 417747
6855 969993
34256 410032
31449 718900
84684 914572
18771 660539
37067 826605
61323 41645
43340 785104
36924 990674
30905 283577
51184 709038
86467 441141
7624 120034
43578 104494
37203 86481
78945 350062
1199 855395
19985 339532
12781 94910
17492 566620
58493 626877
33457 173750
72438 215636
55999 901927
9035 89835
28325 989382
29188 439934
12644 792669
64638 996483
46815 629878
36949 553119
96155 674947
76235 883640
71774 344214
77001 403872
25615 997751
22322 550493
34842 516324
28551 681755
61435 578781
21711 87319
31743 571210
40560 650504
33211 940528
62482 336558
23473 209677
65488 978447
78763 757200
84814 70282
66304 646876
58077 499716
74793 767102
78068 325178
73494 909591
35835 980519
64671 9158
35228 356450
10114 802687
44212 295930
42240 762504
14913 738203
51006 492712
29780 495476
52823 432799
75408 518223
73991 763830
83078 443964
26362 506156
21836 404428
24925 668857
78892 835996
31270 979227
67703 851759
6996 660974
14421 468010
11179 924204
11036 644317
50708 322351
75130 676026
48561 392193
77036 559933
93430 73081
91686 194782
44612 475550
76983 6850
57440 538877
14349 160309
43333 174153
94704 983939
14566 568896
17843 45126
23009 101049
63952 639208
35865 441754
52384 722893
59471 561723
78719 839915
52215 34918
14239 42475
54490 363641
54380 523020
21076 992769
62183 619581
52438 943057
11758 401098
14318 22021
10545 591496
7709 347525
16164 535558
95832 40574
68389 482771
37544 243163
59370 852118
30634 501550
32509 624945
40082 515128
19769 821908
83489 186912
1110 314294
60671 245667
55347 13126
7193 482582
55313 174891
13669 929187
99894 179406
93542 150521
12388 796800
85233 47503
27668 114687
27384 200449
3223 731367
11988 531607
69982 180912
89669 244577
1969 799685
41253 773367
94058 799499
92308 806576
25797 92161
30383 432973
47438 777114
7894 351833
21437 333783
14909 319853
20528 715958
3901 390733
58773 989806
78705 308068
3410 794366
66400 600215
97469 327061
99544 77222
1470 476078
63057 345631
15234 317169
52177 2999
40679 206460
31498 76840
97912 560581
35679 9998
62548 935464
64728 410967
12763 97602
41772 756561
51054 563756
7265 343405
99444 114906
4632 481669
72370 666730
28638 985185
29756 3830
50432 321214
73947 6000
28281 986637
64247 203444
12434 52432
60781 487186
14514 654755
54287 645798
31641 279237
70880 840449
66290 951977
40806 182097
6846 671741
63047 821928
64069 909270
67577 768687
10945 840244
79500 40423
79244 577303
42841 271229
563 519846
96696 168217
97976 164292
92179 338347
91671 863347
84954 858986
38290 634046
19242 713999
15924 307213
30297 755248
61924 256968
33348 542226
49336 159819
32582 817294
77066 732437
92081 149271
25180 43896
52631 147
41449 878875
4970 678567
28886 257452
94421 752767
589 416147
20559 236731
1989 128535
28907 512289
38649 857824
99873 818954
48163 266849
88210 112074
15510 431518
27087 922435
25568 232872
16929 858901
41447 222104
2642 227526
653 228207
3799 215244
50879 779566
93141 914820
21598 184651
97917 975177
82710 179181
98050 340363
40521 947221
32083 492850
4697 616256
79669 822303
98625 11487
71024 703948
81483 744494
7478 87909
20773 971449
93149 216517
38074 98778
41486 810200
47903 442718
74247 298830
8635 817460
23978 637774
61376 402062
73332 599294
5435 791803
97288 66313
71356 347997
79407 330939
60794 236418
89745 583532
5594 639713
39974 588314
37228 533637
77391 126044
15065 51046
94733 884846
12927 50706
70367 52517
32237 116070
47687 394856
60123 845967
78323 335240
4079 425666
78522 500571
95055 158543
60845 564252
66827 583235
68745 11394
43085 377190
61341 387741
59939 498979
97836 14762
94691 555849
84131 199881
85775 23882
26353 923203
24494 935046
