1
2000 100000 22100 10000000
8256481 60809
2337148 245794
3062213 228616
9694083 828325
7990052 865174
9080374 912300
5749009 302404
7003708 113496
1481294 691244
1990739 924386
5720791 427397
5519007 229501
91913 791165
5590076 641051
9818833 524514
1211410 518252
8468193 738044
5350479 130797
7394237 705917
3272168 390826
6546950 932978
7344931 641172
6402041 60962
6402643 366768
9729845 634093
1123635 248836
8996163 374056
6391603 530867
3561280 366295
7286499 728162
2600166 275596
1918884 705902
8656701 208850
6408219 745009
1970620 859692
6203581 201685
2043294 438822
8721881 741224
1099841 704324
6119607 263820
6384051 485677
8020252 929745
2334032 426549
9644725 552491
3716690 373278
9442873 936814
3923389 115024
5043100 928901
3604487 624776
5928745 725675
128535 652782
3665382 681122
3639126 256174
5913061 274782
9852228 447578
1327639 49646
619591 372389
3031836 95860
6522004 137167
5715237 156324
7880939 652730
5773080 610441
8462328 246208
658133 520444
3998065 812014
9246121 265565
3191195 392342
9500268 74829
2056079 231844
9434474 326378
1167053 56474
3894859 285007
6675252 732888
9964135 566537
4771881 307855
8846195 260629
5263905 289090
6298806 968893
5935664 898569
415395 588834
2897718 494971
2739825 754312
5539481 141429
7117480 396591
1991500 351659
202482 353768
2990986 543241
9192881 157988
3134554 644813
3422145 953445
118725 475434
6449944 224043
240690 79113
3538107 590795
3368652 547395
3569666 464651
3802859 115605
552122 168019
7852395 10541
7297452 990232
8612270 701300
7502638 92138
9349273 429263
4268875 925081
3160456 426010
8478689 371949
9920096 948209
8780293 709211
4570191 261266
3690517 639430
6831949 214383
4541038 315846
1135884 979242
8687239 207790
4493802 19117
2900696 628766
9317800 541840
8127959 905492
7739321 523943
5647316 252409
3295829 856121
6093113 530898
3211375 535155
1225161 178441
9001787 312487
9896031 824831
9526647 938970
8317919 225530
5630353 249578
3811878 466639
6585225 445063
7060211 911652
8365323 668893
6383225 834451
5114817 673640
7387346 732932
7755213 626443
367158 114063
5176136 995546
3237775 591445
1992238 69955
6711693 908934
1469270 872238
334111 182013
743921 651621
9636045 266229
1492240 728205
1658222 377136
2221246 992631
4430034 255027
9230535 51443
4618587 574684
5380031 169335
1466345 485327
2190563 476562
7550812 194412
1282142 324552
1910016 605364
5397180 58842
9681277 84501
6982 19114
3377777 990397
7318660 907619
4179189 893610
2347028 464695
1686072 998205
8938383 302771
1111790 108124
2658224 897268
2045556 524006
5369478 259750
6752385 481631
5621328 167288
9558742 682429
8864953 922861
4798445 102180
1273179 172304
2937463 566350
5292192 179201
8194113 32424
7689628 378399
7047873 358996
4730497 686644
1953295 579000
545450 958762
791335 120286
1136255 54381
5932841 186055
6995780 593200
5887972 974968
2867864 299789
2803750 723557
653086 408016
2658059 719094
7819814 179436
6058406 476280
6004999 946391
3078316 176756
4465742 603193
9784254 549788
3518536 645837
1708860 523149
6020807 221275
680106 556523
2091010 740791
6994748 919373
8771251 491811
4903658 843934
8938243 574963
1521599 737699
8375939 288726
967243 765241
5306105 146666
4254091 305794
8480576 28326
7875670 1332
776312 626092
9539640 760712
1747280 464726
7634939 616576
6329835 64729
6194810 367763
6279695 497094
9685387 574607
5244346 300362
4786388 280486
8700209 688491
6423916 359896
2376126 879152
5338808 945072
6993554 848258
5151323 602292
6546352 480261
349434 98264
6809103 40044
3902085 189435
3713881 39529
8551199 930429
3257747 56542
4875449 229592
8830873 699401
2477883 831795
3344920 838427
188064 996711
7046656 754032
3401585 493930
4268695 943367
4361450 53666
5775896 729500
4699318 295646
3773539 232678
2840311 527520
3364051 420452
6852136 550962
5022369 684434
8787244 308888
2169086 770032
8595944 894248
2327388 24109
2012665 897866
2135386 91368
2874675 236719
7554288 839956
3814218 59967
7604770 513903
8286342 803282
9996291 69056
3578278 166976
6048355 114621
4304307 687506
2387865 931634
5421571 561001
7576139 751550
6928183 408670
7654125 729359
9713418 598427
8828527 716306
8780366 400165
322232 263846
9239451 922175
6271770 656589
493390 948458
3442903 407406
8320571 183687
6839415 111675
7167223 23328
3589970 379852
5570960 569411
8512035 835578
3560487 381164
1445492 965040
3619832 200172
1844374 132495
5867734 400519
2998031 122425
6412207 736845
8535146 916944
6576659 233918
7697565 887828
4391877 813306
3166702 498606
4068031 326529
9897358 496002
3802342 219917
1032564 780135
1293266 88754
9702775 702676
4222824 639424
315488 77827
8743514 925259
4754567 644144
7458131 143343
3659502 2241
7713953 641854
7445858 389252
4955719 848729
3149149 994864
5146313 108780
7578144 160800
4147951 489222
5197401 188408
9283221 719812
9104841 189174
6849849 404971
2318362 556611
7121617 999992
916131 40404
2756804 524784
1884896 349296
5724322 579158
9933513 199087
4731164 806584
2914438 694820
9535707 446483
3351398 404590
918003 147034
1163216 521605
7955596 163485
4310527 258746
23327 517466
6658691 872265
2250900 151214
8929436 845289
7837549 676655
7322851 414270
3903613 536001
9422446 628584
5595640 286260
2696244 219109
394453 855785
3757050 364591
8480375 939784
6040487 858315
7509726 179631
1136336 631875
5285257 191344
3873367 82503
2386281 29019
9708544 384967
6583231 128627
2205757 756661
3645118 579823
414718 140512
1792018 430915
3770391 77615
1134654 810390
6620555 785726
1391493 669842
400423 808343
8784853 810002
2986532 995635
6898690 677630
9814923 350294
9318949 734872
2311287 416716
4914275 736797
9911737 696102
3649926 821625
9980979 482685
1970183 646739
8149629 668128
9010343 771020
3334282 957570
2102151 735554
1517009 576981
2268683 399320
4423928 906706
3953053 379744
6950094 937779
8533461 813994
41569 127371
6944026 874291
7692339 824621
2576055 876481
2284819 527387
6135336 357093
1383867 385867
7101890 601
2623456 761203
3018984 220025
4694089 797059
9114674 951226
741590 415567
6506233 658438
1475514 967742
9580429 366697
2764203 814143
927394 244768
4061289 123041
6083731 972368
3734202 941833
6570701 990599
3060704 769486
2880295 811557
1947634 547931
7367021 957484
3375731 459339
5782642 503052
7992274 697610
6748587 987055
1688431 914487
9742155 244914
7639080 692479
5141212 871267
7066152 52362
2889833 387533
2914701 250970
1876042 242655
3404794 150184
6249010 439451
9802886 12406
6154676 358690
1473993 628731
1954145 833962
4343312 737034
8083128 66670
5276734 873376
666407 917943
4813723 244566
1686233 617603
3761273 127178
396326 715764
6490129 714444
7429564 710184
2838276 270048
9495084 930363
2078311 829779
4608588 230148
2126838 625909
4763564 592744
1396059 775737
7056039 403867
952588 980763
4027460 327906
7487532 149144
2886186 305123
42757 555879
908924 704763
5029403 574774
7210433 304995
5236559 711357
3622091 751461
8009300 754289
7404566 765017
5967805 280262
4960229 463841
6274224 715341
8818541 61089
5273986 912866
915670 529918
8121202 317460
6975369 978578
3029103 711954
6583237 634310
8076315 380537
9441807 921255
7162268 414099
307903 600075
8951499 367160
5406474 133418
5561530 431589
3273413 615648
5799182 94972
9683007 177712
7710540 943624
4359044 39909
6427261 727029
9944475 762342
4025350 473503
7668341 253292
1964263 432290
6058513 465118
9884177 612993
7064910 467016
5283426 849464
6505109 794622
5545118 749124
2857014 880518
4788947 778747
7103111 695515
2710027 403438
3133712 513252
5650612 386633
2268294 315730
8768507 269837
5670723 211262
4185364 494849
8508115 832602
8591139 104348
8870684 837889
4058528 913011
5068917 425411
6378996 990616
2773963 434154
507881 481069
8153185 507116
5453218 923502
8598459 211686
5979572 786036
2988794 787869
6512683 767571
2798935 104901
4119495 244713
802586 928416
1628244 136671
7753202 565614
3874746 216240
6113883 876233
4484579 335063
7338149 653014
906131 73799
3923178 142590
1053857 380535
189727 239279
6553084 3000
248169 671573
5648297 525538
2507246 541680
241153 834690
2348486 299929
4777410 896187
6748133 533616
4207180 754489
5746261 894076
2166529 828914
8415787 859509
2397326 459865
4276617 154526
1754667 372262
854976 941338
8795714 244580
3802341 971633
1662556 585289
3017837 348433
4020415 91164
3857312 506231
2444209 280497
4734424 171850
5387310 153912
6211939 801538
9201340 305104
2029143 223958
4181453 81317
6863260 612600
4657539 89443
3014218 919189
6377238 167685
840943 700639
8209400 350154
5494384 737682
9267115 561117
2941819 862569
8710262 592882
1357317 162162
7882106 691385
9849426 791447
8858221 525758
8607705 605875
2260599 174788
6584976 625689
3539822 511372
7345985 413195
8503855 402017
4629226 31651
9252638 882151
8291115 727758
2854519 310809
5416609 445001
992324 895695
8986968 663180
3020052 834405
9295571 744846
3221222 289741
6161647 650755
4609743 403538
7529974 486432
4719904 100286
7179067 406205
792434 624496
6756014 96689
9619488 682925
8407117 496501
6518825 894775
4757238 843262
1561735 621611
5457457 586168
3834971 362110
5502354 487613
8000461 789892
1786692 994696
3228585 370138
8039430 398288
4882479 869675
104280 107335
3402122 400860
1091042 63175
9078804 618714
1904593 579189
5751575 798090
6158413 893174
4668267 581728
1767538 818042
2223550 196225
8016264 154305
3802415 244136
6057144 710208
8387112 12942
7833987 756419
455073 798282
7176479 402504
8379403 989328
911854 6631
3567826 289664
449619 599457
9326039 935018
4330599 48726
4972269 748771
5290347 306811
191769 907118
9393783 850425
7944679 841968
3266616 814025
581916 13890
37235 738446
5878835 529572
2028506 367293
3849346 825785
592044 167331
1959333 823498
6565648 413213
2453846 19346
7913320 637728
9842895 488735
9206720 343604
7216865 6193
4422926 242566
4623652 2924
7153496 811054
7848921 68036
3873640 936850
4995854 590891
70857 99868
7343802 458429
3991024 490094
4110063 487810
8029513 828880
8599913 977230
5040478 834535
9297227 191974
5018720 179284
3868914 742866
9739733 244599
5787960 695673
4172177 787303
1617622 989942
9557489 586636
8715245 745210
8863055 107246
7840474 402475
9777176 968121
5048685 59414
203126 863305
2209313 802120
456241 540999
8689807 195763
2278669 43249
7853831 35838
7962676 813209
3114135 663127
9359893 791165
8649026 698768
9781472 960035
9945648 282139
6618604 533109
5630848 563013
3981572 496171
9502338 555539
8695653 703554
4014132 628699
6417374 754161
3563482 657678
8192365 400951
2116693 157949
2021583 144969
9226147 156641
5754065 357596
969019 56887
8524726 835304
293669 72177
5616209 753805
7645503 829932
3553030 649086
6363964 887876
5871625 525428
492823 168970
9766958 833953
6090698 88209
1112754 348396
523453 806875
9465521 298227
3376922 628213
8081893 38950
7422826 661707
7040710 690346
1878494 799195
5435122 952216
7572481 72214
9814447 970459
20157 431316
3627733 914944
7622273 799217
3883885 648653
3477494 161123
2653981 974215
9812217 469037
1980773 270486
1852540 122230
496084 782725
3792223 738118
8990463 742903
1537746 574870
1094143 438254
6626851 449377
6286005 115280
1328002 66445
3613834 633605
8630444 888938
6096390 878781
7126841 721499
7011639 55509
792284 380937
1150814 560283
2051968 79149
6711925 973580
3838836 995793
2373744 449076
4337758 82251
9086542 263479
6363622 967980
8248899 968740
1683424 307442
2176203 558148
4684908 175531
515790 870266
7158107 963299
7830358 701357
8308360 102517
8779602 378217
8725890 607923
9964737 670358
5056210 678304
4995009 597609
5399967 895864
7391101 593563
3412377 662132
7257909 69468
9107506 921971
9274785 933997
3920159 108484
7031939 224565
4770514 580482
5778135 245754
2072464 497934
6766387 392701
4190061 37292
1653066 623481
2162164 583877
2969401 690349
1313740 277858
8876661 499408
5096769 548897
1573340 861582
7911435 719266
2895233 945873
9640201 494506
9368886 993415
7647833 826674
6930449 820255
8603996 954762
12589 494814
4717941 128300
1180433 172288
2172886 826442
7742779 248673
9180928 507259
6542100 744156
9642820 681192
2016184 885563
8655589 140752
2567256 473351
5382833 649180
5959404 383057
3378366 661610
5611450 46629
6177095 880628
7121744 765586
3754179 275928
55046 256213
2392826 870055
4415449 637328
1220101 154449
2661435 117467
4999718 471430
4797967 958526
6234145 353895
1971980 741180
9476731 590914
8012916 93923
2889750 600777
1784499 363667
2126238 387002
4057256 585229
1642281 906166
7532866 47894
5453947 965670
418865 839920
8277196 738257
3440551 897210
8828973 453642
3416978 496125
6941835 554572
2769168 846795
3821921 915854
7436644 663941
9086148 210954
8949016 451554
7347905 214828
6198482 552658
7342231 43353
9680891 690832
599933 788744
1623000 468983
3613306 796643
7702464 206148
3876664 814255
7068963 65767
8282121 372470
3619425 148651
2200453 553451
3596400 332052
3338755 515125
4602123 278113
2038265 269989
8715679 62724
863999 249884
4610811 931439
2949531 814328
1685401 733589
4507179 293265
6824208 915526
1263763 140352
5738021 256895
9220303 636072
208673 374767
7052010 639262
6746204 247915
4685394 24000
839554 394546
7586374 64471
3151012 349222
1711429 92671
2448220 851393
420446 861712
5109637 718856
2626333 336447
2817073 452876
1917014 131874
8602817 439038
980062 582504
8759277 259374
5226824 196954
9662323 986124
6572804 43918
2649294 901359
3222715 206803
5946879 216075
4268974 420061
4415392 74547
8746210 710714
6714582 223807
3716007 348568
8169976 349917
5179090 215518
9625753 415273
9814987 339421
5315674 507096
7258668 626388
1155323 331081
4343077 431238
2598676 741094
6358385 656886
8865675 420861
3809343 557703
1568146 498596
4095252 241396
7270477 841163
7180923 506017
7002270 510591
716847 529364
7289047 609442
6733002 156983
8557440 685051
2930082 483146
42828 693971
3581210 880296
9073255 858628
3608790 185399
8472298 899093
6776744 259776
4027561 687800
3353624 644262
9548744 111297
7450133 82278
3954860 470050
5013874 939002
6331183 434477
4794515 447687
9250350 336131
3077821 40560
7802886 475034
8450508 846496
563624 362796
7417996 265415
5699321 20214
6483729 888800
8688719 439814
7158643 640842
5081540 967041
6507037 362803
8170364 230024
5995677 519208
3758402 501902
2276906 432155
4430226 895330
4152117 201702
6801918 661394
7265451 549620
6776977 451761
1566901 542183
7039543 762711
6854290 499709
410354 205492
394665 597342
6958244 986915
7936499 105327
7454705 719555
1547545 992874
7399191 147492
9145527 457220
127176 665100
2748565 167640
2778200 43379
7549923 9019
4300624 517284
8733826 802849
8450901 909969
3971609 875587
3518611 384383
8434749 977069
8073362 727703
9222908 241803
7619340 130563
6006014 138385
6049545 429256
621499 788871
5291491 322121
4305371 646501
8557525 422995
3154411 619400
7897185 711986
2740890 329732
7218200 34298
5021824 622760
5833817 236936
2149293 329952
2280086 48672
8132046 730469
4004899 504085
1428697 906858
3610692 115505
9025010 309948
3899814 949167
9368674 690704
9915466 342683
832008 996244
4326796 315853
9036620 141536
173924 263062
3221254 342739
9779825 63194
9463141 992297
2350415 803184
2561535 26957
4631155 59073
8941515 729350
482053 431276
2988329 218028
9876081 244657
1025746 382188
5819200 582218
7588353 991672
4063947 353143
8167523 353033
917109 871556
3523326 636888
100062 294581
1264126 429841
3555208 830305
6558631 104643
6817632 511123
9543450 758261
401824 969776
5383293 350023
9478304 316347
7938613 74221
3385204 842910
3129670 350915
6319202 734221
1643050 964221
5906703 427501
6835417 19346
8233344 468367
851686 692021
9726949 756155
6268547 259073
2367753 177370
3718042 919045
4133957 651108
569016 230937
6031187 998564
5668301 417418
185924 274031
8033424 549773
2268407 87427
8149994 267974
2443093 41819
5141367 969208
1133200 499261
3214806 862612
6172084 871786
3965686 859992
8977732 126774
4494936 79830
3080166 63835
1838624 777644
5583794 663731
4174856 176041
8718820 699523
7009046 315248
9204079 679498
5551331 908839
3807882 67219
6912564 772116
7194144 590171
7887108 882894
9389219 706053
2412622 545641
1324521 764018
8337407 5461
173845 863487
3025305 995133
7396808 368242
2085941 834405
7779731 238954
114901 519817
1768965 101402
560342 56518
5955163 467281
7363372 559073
9849986 145952
8906582 546391
3459404 296989
6785236 819194
2445909 272103
96316 150393
2534699 303639
4238067 903125
7306952 310812
1670205 330502
6151193 428210
6528931 879110
7731786 404871
2576459 339176
2034713 515307
3475656 922503
1556629 777660
4287093 883928
7897511 710385
7119533 353790
2351398 350841
2474957 822815
2137506 294208
5383265 463324
3952663 173301
933705 449194
3854212 833851
4954463 770065
9717465 498482
5047974 960431
5351752 181743
239083 879305
7843096 586443
3213054 156963
9243343 922741
9672144 295853
7494696 835066
4936003 317095
6111942 810588
2791779 378540
425554 218005
2421869 531714
794094 292649
3875018 216143
559011 269698
371863 433389
314273 166930
4388683 172707
6133002 243544
8985982 419958
1820019 711141
3821480 470588
3984708 542306
2390864 748027
1772452 692706
1826215 449598
5076449 41931
1588499 231448
813581 450511
2838077 991284
677316 722014
6443356 717514
2454348 651435
2166218 435193
481093 553439
9037886 336262
8677862 760558
3416138 927556
2097103 647532
5629940 601409
1790100 248363
8643352 806580
3688676 155584
7142540 404443
7750902 376574
7758343 738179
6796483 860714
5788117 733514
9773444 641339
2133640 810567
7672806 696213
8389704 787739
4722175 375225
8724970 300325
6864363 955283
1953149 177037
1529661 571085
4196194 766907
966134 401885
2035186 210865
1564313 740467
5152816 24419
6255107 687414
4611726 814324
8740314 232439
9458422 99023
6909133 192024
7452551 967149
4164194 964138
9596560 228393
874014 560923
2854782 119389
5402365 953329
4373199 485928
6136241 900513
6619434 264155
4930328 468620
9635698 931955
8589355 957505
2156439 370873
5067942 512069
7119482 735538
8700323 152962
5682476 612119
4738363 183617
333008 451134
4764418 458495
8760388 882642
9510759 47570
8738355 527642
5724285 248706
2303079 458748
1892368 828825
5738328 464262
9034185 773879
5255485 746749
6070837 473806
908791 120481
9258920 420625
3499400 421545
1989426 788006
9738738 129113
4076875 887029
4144171 809879
6583248 721685
5069209 602712
6256228 942144
8437436 358133
4637040 384707
7763994 436380
2504980 518291
7975176 198466
4409528 618880
3050521 565606
7142742 393388
5027701 591460
5816526 844719
8193269 737560
5417481 349388
4125224 360093
9408868 604598
4481904 454656
5037256 164669
5398608 954141
3751456 983543
2868018 492841
6620375 703122
8420528 699644
4049194 64848
5400472 239087
5633509 221839
4716519 546829
9784985 800265
6553116 848164
6119418 16002
3351861 401514
6963144 944031
5934049 973891
9407381 12447
298629 524295
5101262 384740
3677375 43705
4373883 855326
8658866 400998
4554799 481656
5320873 436000
4795335 465278
7151506 291413
19568 683754
6000065 439709
7689437 506061
1108810 240900
2397712 994944
2276945 699179
6498933 172783
5606841 386671
4825820 491761
1936618 600154
8838509 866315
2399999 736965
8895207 544
5158039 442506
8870298 595760
3091804 796943
476614 647590
6328306 938910
1427248 388378
6504336 445790
5600180 32209
9991259 760168
6811536 101830
8013769 887471
4161477 405120
1356338 289197
564120 676776
3853174 906976
6761855 109062
7232152 72446
5145875 197614
6791266 186124
4483347 482069
3445476 889639
9998806 845600
2393380 183627
8794410 693363
6001792 584925
4010666 391009
8278292 406650
9409851 339624
265777 468259
3333095 722415
3129041 921889
1640072 476901
5328963 596089
9322921 750280
6220374 763299
8279283 650150
2473819 50423
4219610 416299
4051076 429155
9654802 285179
7705210 310921
5849381 847797
5813286 131526
1534885 45601
8018702 256889
1682786 278842
1808966 443995
5556626 263373
135584 583318
4388835 696233
5296059 77282
3403894 787814
5662547 170321
1560776 355713
4723833 743151
7558889 522409
5057819 430769
1587390 211487
9178815 242222
8382765 499180
8649101 538204
679319 11809
8163207 889613
3325008 620388
988879 766401
5961697 595885
9000672 791329
7199514 355425
4524013 628806
8414919 327892
175508 589907
4714119 977975
2191495 588850
2358234 131024
7536133 631877
851973 419115
9410463 357522
5096054 910240
1816910 218100
5619525 615498
1203721 84978
2681524 131001
4261243 50102
5038872 899943
8086939 145189
9975677 221691
8881410 373342
6162915 125653
1370491 415887
2523354 394647
5560642 818978
7499212 390016
4859565 670442
774206 846818
9123301 901376
8335326 251370
8049608 727526
2464091 260960
5854518 845296
690688 965904
5776862 451724
9165278 399461
5805441 565095
731556 317982
3539444 979702
6702229 923905
7331090 292253
7819117 721030
5362780 722095
7584726 495116
7518660 438038
7749049 203339
8040448 249813
2044374 95911
5169228 677447
5177413 297702
1279448 177280
1982250 463550
4111186 689037
6474724 492301
9403721 692817
2876168 814872
3028743 556876
3004919 526639
2063409 292621
2764630 537044
8032851 399415
746467 975553
5880317 925104
6343211 701444
1500807 562577
4314165 797876
6513768 793079
9765838 384380
6056316 972028
315941 630863
783148 497035
8925729 367609
9937199 291605
7217587 671507
6759434 49670
2727400 863938
5792921 951790
9735695 287718
6558590 769767
1564418 665939
3172862 2402
575204 446509
2499457 411101
8590146 804079
3032867 667299
7670804 618873
8609735 707043
1016498 51222
5434081 406125
7428140 903677
7296325 295085
7840222 761900
3778749 647078
6234994 760262
2309454 5826
9165215 355743
4480459 976634
2649624 469822
4564119 109191
3986985 976205
1075228 217547
6348055 637013
5944646 94484
8747380 960129
1848107 206777
5888821 831264
4051688 810708
8331890 571063
319164 710683
2339146 844035
7353585 446338
366702 937325
6375961 37124
1267869 95270
879136 971688
5556601 268580
1384621 776353
9156458 479684
5077476 402270
7597021 549388
1733840 379030
7821206 337120
3733743 599136
1244519 124586
5956194 761339
6698034 599246
323859 938488
7242113 792287
4121454 418746
9546688 833476
7210345 957760
3241725 650067
2026079 356570
7770677 408719
9420579 977805
2421184 560507
4901696 69787
223637 236965
5611546 629443
8446694 593046
9721061 832313
3569654 251300
1535439 454624
3713769 723745
6620831 461274
6479104 636124
6040523 566698
2076293 564849
9846875 533456
7721277 782848
1489233 833212
6328754 895638
5172125 682724
5202276 534646
2070711 225352
5850953 516801
7048234 530188
7277198 393396
1326393 909805
1269889 459395
6413540 944089
739104 254530
189788 876236
2899350 175330
5462276 915345
394125 926458
2494940 207973
6171434 324439
1474949 739958
1271375 611202
8365162 848873
8412711 888837
2207658 699885
2090857 782565
5605141 980965
1014568 370388
2576587 979474
5247865 35629
3661170 617714
2548743 596837
9917627 707851
9561600 779646
3676727 80563
5067653 303023
3351805 456316
2744310 459952
6349518 633037
6507563 485233
5214649 138740
5308590 958529
4512000 811649
2616306 979371
8147860 955526
5467744 566968
2165091 119475
5924574 178868
90443 135467
3389837 800606
8211846 663776
8812439 161887
5275600 655479
9524942 447665
1173670 905820
6840347 602234
2993878 482974
8429589 62759
4959981 937757
1353970 621801
8148484 763498
4832648 551355
6827780 982419
7443885 891385
578463 648812
4554814 769796
5424614 255342
1462906 149975
5078261 365095
6282612 916425
5385921 328138
8492969 678538
315986 778308
7946748 866560
2789252 22879
2252880 346754
9240653 910220
5549778 981580
2764578 297676
6848387 670689
3101579 998044
4677879 131818
7239736 514029
5941233 290468
2315027 149719
1042206 825670
2829260 240794
1054734 820450
7501974 631934
2244614 537406
2135912 864759
5761138 980663
7192550 813999
2049452 351757
369226 102486
5702115 222802
1084407 377178
8374482 873576
7896899 809151
1346500 230589
678894 780037
9458482 937625
9698606 415781
7714316 36924
6426198 657149
9139955 17389
5687167 774720
7903138 161498
848927 120174
744383 163400
1368655 659629
9874937 376401
8027095 877995
1085132 197163
7160519 746457
5738312 398027
100877 606002
2047814 751615
5843427 174747
2838140 625388
878314 46757
7562014 134446
2221355 836253
556754 968191
7889476 410038
5957575 346843
7151046 458132
2558140 227111
3982200 278382
6614702 978588
9736441 124929
1768753 657281
4234696 258244
1900369 847810
2039661 102160
6804067 716602
9665517 703072
2941382 118852
5666274 597715
6783845 582173
2422848 853860
577202 979484
7866610 916891
1293239 864439
9479934 897306
7705988 225671
2031371 925732
9050468 623851
2729510 986545
5626249 797077
7147971 312672
6188074 244570
4843925 129045
7804354 866539
1978173 143241
3449957 283289
4013172 608294
3644220 32670
5701524 509436
4673623 973861
8398173 495612
6345332 748598
2326795 157570
5981449 832369
1326116 789632
6291069 289592
6176653 76058
7764227 567585
5928909 539854
8940936 275294
6132429 108755
2683508 811489
7281682 632788
2655879 854891
6028589 146800
6014768 480344
5304038 856661
8643424 253531
2697131 624909
6750444 910921
1488437 52579
559654 31530
2818330 260143
139330 985785
434603 189372
9845536 284121
9618487 955222
9098709 61573
3088940 82818
3592891 217912
1976316 820844
2936626 505772
6197802 131595
2801600 944232
5754629 776147
2526141 489743
3437557 444750
8188839 269728
1776783 408642
4274317 666892
3566421 544709
7428860 27417
9146122 84250
7319260 408133
1814350 621732
3875123 752261
2182301 616707
6140929 75757
1693424 11487
6033931 944520
465779 384226
4140533 23963
2193 654823
74769 670719
4367933 857921
8842770 500383
8684179 142841
5179501 38135
3744830 977955
1995489 819873
8611173 790267
4685001 375785
1077224 66380
2405786 285139
3359290 792273
6164921 535243
156790 858241
2780516 305456
7867303 134012
6973267 788675
3739140 23065
6247717 418736
9607047 615091
1009290 7238
7643276 214977
1949038 120951
352650 670903
3215149 843218
7628549 638995
2312923 579912
2069471 582222
237625 953106
5727891 673105
3012885 181181
9183244 884842
5687293 146134
5452523 8781
6666020 792450
5650678 727590
3832380 326046
3251843 510002
670133 288908
1346042 889390
9665243 317621
1258675 733568
6082689 551573
5731325 488498
8648740 351443
2913152 801652
6091905 294291
182855 911430
9682235 415120
8432477 962034
1994532 384013
589056 998309
1936224 733840
7064923 525839
6097675 920628
7319757 808727
6815598 27465
6844491 955116
2350267 111329
7290093 792156
7411035 585505
7941732 130130
2592203 325591
8219844 199311
6717080 685627
9528841 752269
4001395 117533
4590682 487918
1201784 341453
148008 219764
7210581 253766
445661 537426
4452193 76687
2216682 858184
9079206 508492
1063025 357545
3572971 93073
6966097 471434
4627339 793860
4555230 850970
1240536 288849
4838919 583868
6818140 948442
9785794 353368
6671576 100032
3851934 647761
2172863 505661
8454191 466647
5064014 254207
228321 999124
2502385 316133
9814514 685336
4662246 713482
8729681 383408
5523581 383606
3668410 820072
5455061 677390
4181065 736460
8362084 133279
4798210 438373
9496723 440085
3845728 837838
3227565 577350
1964635 472893
8004133 9663
9715742 336477
6091820 272369
5059105 621168
7207786 453855
9800585 205783
4299782 437326
3277703 576759
4873790 669471
2718028 502305
5531686 574919
5845509 333148
98086 465962
7159935 271863
7314092 855227
2904072 178474
5272211 214262
8598459 55660
213871 792622
8060385 37257
3985254 664895
1360415 280727
6761619 550496
5052317 672912
186161 717431
435408 550477
6804946 446819
5081620 926952
120962 408436
8685629 166521
4110093 493964
6538503 364026
2277436 608706
2802044 150124
9751577 203246
7210587 997468
6455036 928201
4552407 350571
710839 22816
2280270 257055
4774229 253631
3896702 33251
7219620 336755
8389893 5372
5362477 276852
7595250 66370
1882282 431297
7137482 957854
1843955 270230
7630322 694930
5272511 737209
7238984 231915
8975924 611898
9084788 257603
3666363 121565
8692721 293314
386450 113296
3954407 194395
4788377 808759
4580645 469195
7115476 968374
4691216 340792
7720133 308637
4395099 89332
826621 193647
9018328 914877
5516908 466754
9892039 262726
1300406 269514
7089830 706745
9213703 5046
902302 951748
1765517 89922
8759237 501766
5989735 812518
3294244 164328
1139860 898389
5712964 827944
657132 136136
6325809 104598
1534133 10478
3326392 103442
5771375 365922
1408693 201394
3755420 809331
3779512 608111
1815212 955437
4098227 356286
5987098 472643
6547903 945623
7336850 56116
2725481 887517
4434463 94941
2586742 498640
5986083 240334
1337740 710568
2304711 218989
3228027 897274
3017987 253083
7831406 295523
956301 560156
4229190 510374
382963 677813
8788417 60855
7680533 425403
3990255 185048
5979794 583080
6812647 796008
8776729 887279
2647221 903686
8698618 601082
6605202 193463
8659734 53970
5341622 799733
4892153 620122
6631107 814963
692111 467833
125633 278133
5073919 825707
4229331 281153
4237481 992538
7042606 477266
178029 388282
7217393 368275
5302703 949706
1910577 71229
3547645 839150
2617987 243848
3007097 500434
6359351 909126
9940443 412239
7020883 503201
2453810 133724
9839915 318431
9548990 696323
606737 243239
8243054 553412
8251223 657298
4907783 388852
1131723 37993
3458591 346370
3703091 493736
2708949 521251
2837267 199822
8853509 341445
1693428 217896
4183016 978947
1759115 923736
2010940 835118
8687653 453282
2559978 80658
1309217 472848
890057 927377
4774629 261768
8028216 419826
7240390 514776
3820919 970052
8633548 700350
4534526 845639
6000941 191336
4966553 40095
3943274 824770
6603455 683480
3552517 909567
2573329 485719
7954866 135593
5579443 947841
1983874 584990
7467562 337594
7588873 320160
5195264 822384
4729255 510912
5470872 788296
1099132 449995
1152161 312448
2396615 199417
803689 259811
8847378 866098
871705 917047
6739495 936095
7769105 360286
9453535 497961
9385858 484800
6284318 191469
6397974 917290
7779828 544727
2136893 668857
2144976 861706
8312647 556590
