5
10 10 10 1000
731 467592
386 754369
215 837197
851 407143
9 401476
943 234795
779 839893
269 385425
199 58693
745 725521
10 10 10 1000
731 467592
851 407143
9 401476
386 754369
215 837197
943 234795
269 385425
779 839893
199 58693
745 725521
10 10 10 1000
851 407143
9 401476
943 234795
731 467592
269 385425
386 754369
215 837197
779 839893
199 58693
745 725521
10 10 10 1000
731 467592
386 80000
215 837197
851 407143
9 401476
943 204795
779 839893
269 380425
199 58093
745 725521
10 350 10 1000
731 467592
386 80000
215 837197
851 407143
9 401476
943 204795
779 839893
269 380425
199 58093
745 725521
