1
100 1000 378 10000
9200 738606
9762 518764
644 824621
57 234
6269 163544
4882 983482
1218 142403
5615 263135
2258 610390
2357 668483
3330 417112
490 983923
6793 186116
8160 812844
9751 251314
5643 800384
348 88351
3146 823584
841 770557
2328 558333
4033 826935
4064 771134
4538 618278
9492 703107
4520 95252
4211 758743
3886 566194
3815 125733
3804 317695
8187 999007
4572 952356
5024 827496
3587 725403
9040 932208
236 889495
8734 270932
1908 388031
4695 12803
3998 467742
7698 3118
8862 277442
623 621514
4079 332330
9182 730283
5810 939068
250 487773
6816 473487
4311 337463
1405 446486
6081 600863
224 920139
5662 321739
2998 535078
9237 37637
8624 874149
7034 983723
8908 20730
1796 922947
3741 898106
6396 642417
9724 138958
1832 181149
4624 32168
5635 970623
2980 522654
4353 510621
9261 529365
1408 116217
4507 206230
7796 932843
7566 774538
5444 413890
8129 394974
9211 746442
6360 858816
2578 824885
3600 198218
6228 558361
3964 267328
5271 886787
8393 99874
6882 45458
2134 730204
3668 917855
8993 301312
1023 379544
8014 164512
831 502665
1372 453498
7912 996244
100 838392
185 509725
5661 965973
2298 168729
380 796882
3864 911918
3323 397680
9923 591904
3224 707790
9549 207893
