120
54997046  12998166  85186072  87312024  90430727  83058828  25969872  61970456  59225274  79651108  78526403  22661119  22432187  57377449  34793745  89061526  12957470  25533827  16859432  18553348  70329555  66516125  49454965  68112039  54513854  3248787  86645804  61475845  5465417  13139783  55433618  60462462  78654300  40619689  290837  69085027  76194869  26260708  83571834  35420142  58428167  62098237  58081260  33376705  19475685  45391356  22438230  84949506  70925182  39297662  56019206  93771088  58330138  5474170  61883127  65360343  61239308  1045282  26836188  66704724  14185065  82269805  27167185  45355716  75405845  79974373  14440742  51600713  6235080  50528928  87020854  17179598  65143516  97618465  50556302  37135552  43009820  72994532  22085057  66451354  64808545  78104262  60222441  75655034  36094783  74621919  41015376  97334091  75667201  20367915  64038814  42368617  2637719  43722351  87724332  78043564  23696723  54681426  82160628  82448155  5210353  69181482  99627752  70353868  19316298  2700406  7489419  14842470  75694937  82090827  81293823  93019833  60195089  94032615  21191218  48806223  68654534  62206593  46140313  44321734  
207
118
69
17
20
40
52
14
65
0
80
17
33
32
36
42
117
54
31
45
73
85
109
113
60
46
95
113
118
0
86
97
110
27
107
10
67
39
16
5
31
97
14
56
9
51
99
118
97
2
35
50
88
24
43
28
70
11
13
68
11
91
38
1
118
25
3
57
56
19
62
80
116
77
8
117
0
107
107
89
102
22
20
70
38
55
90
108
66
95
49
69
66
87
70
56
104
65
113
32
85
48
112
73
5
1
63
117
100
42
86
82
65
98
24
95
34
106
84
92
81
13
42
19
92
112
75
76
58
61
108
15
109
93
80
106
86
15
95
66
58
61
21
115
40
37
90
66
24
54
38
97
59
80
117
31
65
64
107
115
5
88
10
106
53
82
92
19
98
67
77
36
1
90
31
41
8
1
99
24
48
17
1
107
98
118
19
43
55
118
38
60
86
40
39
19
2
11
30
100
71
108
16
64
78
39
97
78
