105
55655733  60923441  60567309  72130097  16006763  35630032  8330460  23859783  99109156  67892606  83377950  50487296  29762143  93637313  86255599  60933503  78209274  47728164  27271776  8196001  68475659  2299192  29972232  60771838  25620861  77256186  52221710  48236754  6950388  20286301  79091711  62606120  33726093  39659019  87252568  2249207  75289051  48099379  26108989  26914558  15991985  9486939  77401853  45754127  3124251  16173803  59203982  81333524  16418319  86475757  42045877  84893977  41291300  72018108  45665814  19428512  1790645  50403875  67665265  8741032  70690176  46756975  23863504  56932620  38932346  11116071  59181827  66737748  59215450  85290815  93652305  27723786  47294105  23570509  25994264  50418355  92260663  85198245  84268231  8678981  24190354  78830459  46089309  65481653  50848566  44271474  84910165  52639211  94675349  5091781  13896594  65365524  4365108  37760097  22298143  95813805  1392520  33996321  15067904  13124321  19287136  8720208  40848106  66581240  84807068  
168
96
79
50
43
2
48
66
70
57
93
69
26
75
57
102
89
27
81
97
36
100
66
77
78
101
84
17
83
3
81
17
76
55
44
96
57
92
34
0
44
23
69
48
98
103
22
82
25
103
75
61
75
13
10
48
10
94
42
70
75
18
87
23
50
26
15
85
95
49
62
12
72
26
60
43
24
82
20
26
80
72
64
27
86
75
52
73
41
94
15
11
89
80
35
11
83
27
73
74
76
30
86
21
56
41
64
57
100
61
60
52
29
20
79
92
72
26
37
8
97
52
20
81
27
32
69
6
59
38
57
7
68
15
28
102
56
69
31
28
26
92
80
32
89
54
101
56
80
10
64
49
39
61
25
44
93
71
27
24
4
84
32
50
99
37
24
27
2
